#    row  column                    value
       1       1  -1.0033078093273344E+01
       2       2  -8.8441851009709922E+01
       2       3   2.7197979511367681E-01
       3       2   2.7197979511367681E-01
       3       3   6.7570442095626490E+01
       4       4  -1.6683978462286433E+02
       4       5   3.8083721938062537E-01
       4       6   3.5347001129142829E-06
       5       4   3.8083721938062537E-01
       5       5  -1.0832976326929577E+01
       5       6  -3.8087340930971053E-01
       6       4   3.5347001129142829E-06
       6       5  -3.8087340930971053E-01
       6       6   1.4518451452322410E+02
       7       7  -2.4522687195452480E+02
       7       8  -4.6173277988494832E-01
       7       9   7.6163625197487260E-06
       7      10  -6.8693610974767987E-06
       8       7  -4.6173277988494832E-01
       8       8  -8.9225548905132783E+01
       8       9   5.3331518764271491E-01
       8      10   9.3740387099393342E-06
       9       7   7.6163625197487260E-06
       9       8   5.3331518764271491E-01
       9       9   6.6786464809057890E+01
       9      10  -4.6182381454430410E-01
      10       7  -6.8693610974767987E-06
      10       8   9.3740387099393342E-06
      10       9  -4.6182381454430410E-01
      10      10   2.2280917136451984E+02
      11      11  -3.2360310226789244E+02
      11      12  -5.2769317644557778E-01
      11      13   1.2460854901228494E-05
      11      14  -1.5210782161830945E-05
      11      15  -2.6682176445632576E-06
      12      11  -5.2769317644557778E-01
      12      12  -1.6760726389822958E+02
      12      13   6.4660052362889553E-01
      12      14   2.0643672851842106E-05
      12      15   1.6601694851997832E-05
      13      11   1.2460854901228494E-05
      13      12   6.4660052362889553E-01
      13      13  -1.1600733368522807E+01
      13      14  -6.4666548591741568E-01
      13      15   1.8441469920171072E-05
      14      11  -1.5210782161830945E-05
      14      12   2.0643672851842106E-05
      14      13  -6.4666548591741568E-01
      14      14   1.4441650533378439E+02
      14      15   5.2785612055071940E-01
      15      11  -2.6682176445632576E-06
      15      12   1.6601694851997832E-05
      15      13   1.8441469920171072E-05
      15      14   5.2785612055071940E-01
      15      15   3.0044445103770636E+02
      16      16  -4.0196846318936929E+02
      16      17  -5.8380840762525932E-01
      16      18   1.8129394627292157E-05
      16      19  -2.5798451519461932E-05
      16      20  -5.0828104812827134E-06
      16      21  -3.6018963721298861E-07
      17      16  -5.8380840762525932E-01
      17      17  -2.4597810982097209E+02
      17      18   7.3897121341869243E-01
      17      19   3.3993003984586598E-05
      17      20   3.5005888585957047E-05
      17      21  -5.4550187859226850E-06
      18      16   1.8129394627292157E-05
      18      17   7.3897121341869243E-01
      18      18  -8.9977064956254964E+01
      18      19  -7.8402911220269855E-01
      18      20   4.0340310403891687E-05
      18      21  -3.0629285259529364E-05
      19      16  -2.5798451519461932E-05
      19      17   3.3993003984586598E-05
      19      18  -7.8402911220269855E-01
      19      19   6.6034695600712070E+01
      19      20   7.3912517861773697E-01
      19      21   3.1802049946362406E-05
      20      16  -5.0828104812827134E-06
      20      17   3.5005888585957047E-05
      20      18   4.0340310403891687E-05
      20      19   7.3912517861773697E-01
      20      20   2.2205718276706446E+02
      20      21  -5.8406111092933544E-01
      21      16  -3.6018963721298861E-07
      21      17  -5.4550187859226850E-06
      21      18  -3.0629285259529364E-05
      21      19   3.1802049946362406E-05
      21      20  -5.8406111092933544E-01
      21      21   3.7809039752252761E+02
      22      22  -4.8032294224010155E+02
      22      23  -6.3270784181937711E-01
      22      24  -2.4804164764546362E-05
      22      25  -3.8199280521363399E-05
      22      26   7.4812266994540198E-06
      22      27  -7.4943122199998491E-07
      22      28  -2.6739403952754172E-08
      23      22  -6.3270784181937711E-01
      23      23  -3.2433807577179670E+02
      23      24  -8.1755477439641866E-01
      23      25   4.9058073674386372E-05
      23      26  -5.7396741066601663E-05
      23      27  -1.0449441490073288E-05
      23      28  -8.4117985427650815E-07
      24      22  -2.4804164764546362E-05
      24      23  -8.1755477439641866E-01
      24      24  -1.6834251770775199E+02
      24      25   8.9603309888376292E-01
      24      26   6.6136710721009001E-05
      24      27   6.2404459639576638E-05
      24      28  -8.5426724699700394E-06
      25      22  -3.8199280521363399E-05
      25      23   4.9058073674386372E-05
      25      24   8.9603309888376292E-01
      25      25  -1.2336240894157401E+01
      25      26  -8.9612813032374428E-01
      25      27   6.8011825180170013E-05
      25      28  -4.9189282019122227E-05
      26      22   7.4812266994540198E-06
      26      23  -5.7396741066601663E-05
      26      24   6.6136710721009001E-05
      26      25  -8.9612813032374428E-01
      26      26   1.4368077424316408E+02
      26      27   8.1782142118554180E-01
      26      28   5.0881109586282665E-05
      27      22  -7.4943122199998491E-07
      27      23  -1.0449441490073288E-05
      27      24   6.2404459639576638E-05
      27      25   6.8011825180170013E-05
      27      26   8.1782142118554180E-01
      27      27   2.9970853823286666E+02
      27      28  -6.3306995565294033E-01
      28      22  -2.6739403952754172E-08
      28      23  -8.4117985427650815E-07
      28      24  -8.5426724699700394E-06
      28      25  -4.9189282019122227E-05
      28      26   5.0881109586282665E-05
      28      27  -6.3306995565294033E-01
      28      28   4.5574705946111703E+02
      29      29  -5.5866652792284401E+02
      29      30   6.7596237038821383E-01
      29      31   3.2667140977119814E-05
      29      32  -5.1904889789785428E-05
      29      33  -9.7019896000101805E-06
      29      34  -1.1783908845756620E-06
      29      35   6.4984855808668879E-08
      29      36  -1.9986407314809078E-09
      30      29   6.7596237038821383E-01
      30      30  -4.0268715188248706E+02
      30      31  -8.8603306823673889E-01
      30      32  -6.5811229423972127E-05
      30      33  -8.2986304055102583E-05
      30      34   1.5468816193635598E-05
      30      35  -1.7533264030370365E-06
      30      36  -7.4418505018398724E-08
      31      29   3.2667140977119814E-05
      31      30  -8.8603306823673889E-01
      31      31  -2.4669708181037416E+02
      31      32  -9.9131934077090855E-01
      31      33   9.4765287329393004E-05
      31      34  -9.9709911491985991E-05
      31      35  -1.6462966351280581E-05
      31      36  -1.4826213521186780E-06
      32      29  -5.1904889789785428E-05
      32      30  -6.5811229423972127E-05
      32      31  -9.9131934077090855E-01
      32      32  -9.0696291558145433E+01
      32      33   1.0241456289324149E+00
      32      34   1.1018340435583320E-04
      32      35   9.7775183799029468E-05
      32      36  -1.1665671186285313E-05
      33      29  -9.7019896000101805E-06
      33      30  -8.2986304055102583E-05
      33      31   9.4765287329393004E-05
      33      32   1.0241456289324149E+00
      33      33   6.5315243333166947E+01
      33      34  -9.9153737946622034E-01
      33      35   1.0549661073488715E-04
      33      36  -7.2296666053099312E-05
      34      29  -1.1783908845756620E-06
      34      30   1.5468816193635598E-05
      34      31  -9.9709911491985991E-05
      34      32   1.1018340435583320E-04
      34      33  -9.9153737946622034E-01
      34      34   2.2133754085124977E+02
      34      35   8.8643751901402568E-01
      34      36   7.7366516996369154E-05
      35      29   6.4984855808668879E-08
      35      30  -1.7533264030370365E-06
      35      31  -1.6462966351280581E-05
      35      32   9.7775183799029468E-05
      35      33   1.0549661073488715E-04
      35      34   8.8643751901402568E-01
      35      35   3.7737061570006557E+02
      35      36  -6.7645565949025166E-01
      36      29  -1.9986407314809078E-09
      36      30  -7.4418505018398724E-08
      36      31  -1.4826213521186780E-06
      36      32  -1.1665671186285313E-05
      36      33  -7.2296666053099312E-05
      36      34   7.7366516996369154E-05
      36      35  -6.7645565949025166E-01
      36      36   5.3341448913896556E+02
      37      37  -6.3699921046553357E+02
      37      38  -7.1459963766165324E-01
      37      39   4.1821558247469971E-05
      37      40  -6.6402805380199548E-05
      37      41  -1.1655761012711606E-05
      37      42  -1.6032230390704729E-06
      37      43  -1.1404842881652260E-07
      37      44  -1.2357469394266158E-09
      37      45  -2.2211837434985154E-09
      38      37  -7.1459963766165324E-01
      38      38  -4.8102532973671396E+02
      38      39   9.4660583353729422E-01
      38      40   8.4351682972164547E-05
      38      41   1.1086832794795652E-04
      38      42  -2.0173161896354038E-05
      38      43  -2.7687974106530283E-06
      38      44   1.7402094660480287E-07
      38      45  -7.2812486770288940E-10
      39      37   4.1821558247469971E-05
      39      38   9.4660583353729422E-01
      39      39  -3.2504074963679142E+02
      39      40  -1.0743518871196704E+00
      39      41   1.2574389776878972E-04
      39      42  -1.4138978623999261E-04
      39      43   2.4520887317778944E-05
      39      44  -3.1020635411536688E-06
      39      45  -1.4809117712155958E-07
      40      37  -6.6402805380199548E-05
      40      38   8.4351682972164547E-05
      40      39  -1.0743518871196704E+00
      40      40  -1.6904544751121006E+02
      40      41   1.1330547086009883E+00
      40      42   1.5642377544384901E-04
      40      43  -1.5315804814831880E-04
      40      44  -2.2624693838436486E-05
      40      45  -2.2609953240131972E-06
      41      37  -1.1655761012711606E-05
      41      38   1.1086832794795652E-04
      41      39   1.2574389776878972E-04
      41      40   1.1330547086009883E+00
      41      41  -1.3039397488896407E+01
      41      42  -1.1331815997810062E+00
      41      43  -1.6803857296893612E-04
      41      44  -1.4113418528915130E-04
      41      45   1.4571320021095962E-05
      42      37  -1.6032230390704729E-06
      42      38  -2.0173161896354038E-05
      42      39  -1.4138978623999261E-04
      42      40   1.5642377544384901E-04
      42      41  -1.1331815997810062E+00
      42      42   1.4297742345875383E+02
      42      43  -1.0747214657519057E+00
      42      44   1.5504196654306430E-04
      42      45  -9.9777818440437835E-05
      43      37  -1.1404842881652260E-07
      43      38  -2.7687974106530283E-06
      43      39   2.4520887317778944E-05
      43      40  -1.5315804814831880E-04
      43      41  -1.6803857296893612E-04
      43      42  -1.0747214657519057E+00
      43      43   2.9900503525336512E+02
      43      44   9.4717538208671548E-01
      43      45   1.1310672415641091E-04
      44      37  -1.2357469394266158E-09
      44      38   1.7402094660480287E-07
      44      39  -3.1020635411536688E-06
      44      40  -2.2624693838436486E-05
      44      41  -1.4113418528915130E-04
      44      42   1.5504196654306430E-04
      44      43   9.4717538208671548E-01
      44      44   4.5504346130628795E+02
      44      45  -7.1524777560407515E-01
      45      37  -2.2211837434985154E-09
      45      38  -7.2812486770288940E-10
      45      39  -1.4809117712155958E-07
      45      40  -2.2609953240131972E-06
      45      41   1.4571320021095962E-05
      45      42  -9.9777818440437835E-05
      45      43   1.1310672415641091E-04
      45      44  -7.1524777560407515E-01
      45      45   6.1109274141070466E+02
      46      46  -7.1532098229519750E+02
      46      47  -7.4933500446653478E-01
      46      48  -5.2249835904907088E-05
      46      49  -8.1215462063125759E-05
      46      50   1.3315379412267207E-05
      46      51  -1.9874272296738446E-06
      46      52  -1.6863382577015674E-07
      46      53   1.6997476705849575E-09
      46      54  -3.5561095084831949E-09
      46      55  -1.1966477312353268E-09
      47      46  -7.4933500446653478E-01
      47      47  -5.5935260269424941E+02
      47      48  -1.0007121641234888E+00
      47      49   1.0475551854232898E-04
      47      50  -1.4013441771708551E-04
      47      51  -2.4362078890212120E-05
      47      52  -3.7892502358188724E-06
      47      53   2.9999095446377753E-07
      47      54   3.5660054002701079E-09
      47      55  -3.6659046498765877E-09
      48      46  -5.2249835904907088E-05
      48      47  -1.0007121641234888E+00
      48      48  -4.0337351558850384E+02
      48      49   1.1477978248655005E+00
      48      50   1.5890569991227160E-04
      48      51   1.8615895681744387E-04
      48      52  -3.2168225145846785E-05
      48      53   4.9256703783595308E-06
      48      54   3.4060407059834811E-07
      48      55   3.9715490214378969E-09
      49      46  -8.1215462063125759E-05
      49      47   1.0475551854232898E-04
      49      48   1.1477978248655005E+00
      49      49  -2.4738370296136608E+02
      49      50  -1.2279572857686558E+00
      49      51   2.0563444267806381E-04
      49      52  -2.1378058611642897E-04
      49      53  -3.3913737686845540E-05
      49      54  -4.7530676661590911E-06
      49      55  -2.4776858360064615E-07
      50      46   1.3315379412267207E-05
      50      47  -1.4013441771708551E-04
      50      48   1.5890569991227160E-04
      50      49  -1.2279572857686558E+00
      50      50  -9.1383140274091105E+01
      50      51   1.2536824434028999E+00
      50      52   2.3581243952137815E-04
      50      53   2.1772453129995654E-04
      50      54  -2.8450001856067011E-05
      50      55  -3.1441106769698606E-06
      51      46  -1.9874272296738446E-06
      51      47  -2.4362078890212120E-05
      51      48   1.8615895681744387E-04
      51      49   2.0563444267806381E-04
      51      50   1.2536824434028999E+00
      51      51   6.4628197990881603E+01
      51      52  -1.2282423057001572E+00
      51      53   2.4210708549387544E-04
      51      54  -1.9219827639380984E-04
      51      55   1.7035927270102132E-05
      52      46  -1.6863382577015674E-07
      52      47  -3.7892502358188724E-06
      52      48  -3.2168225145846785E-05
      52      49  -2.1378058611642897E-04
      52      50   2.3581243952137815E-04
      52      51  -1.2282423057001572E+00
      52      52   2.2065033567944772E+02
      52      53   1.1483492036242855E+00
      52      54   2.1916871116716056E-04
      52      55  -1.3128991919072336E-04
      53      46   1.6997476705849575E-09
      53      47   2.9999095446377753E-07
      53      48   4.9256703783595308E-06
      53      49  -3.3913737686845540E-05
      53      50   2.1772453129995654E-04
      53      51   2.4210708549387544E-04
      53      52   1.1483492036242855E+00
      53      53   3.7668329835084870E+02
      53      54  -1.0014762999416704E+00
      53      55  -1.6000967573348796E-04
      54      46  -3.5561095084831949E-09
      54      47   3.5660054002701079E-09
      54      48   3.4060407059834811E-07
      54      49  -4.7530676661590911E-06
      54      50  -2.8450001856067011E-05
      54      51  -1.9219827639380984E-04
      54      52   2.1916871116716056E-04
      54      53  -1.0014762999416704E+00
      54      54   5.3272712269798387E+02
      54      55  -7.5016295929421606E-01
      55      46  -1.1966477312353268E-09
      55      47  -3.6659046498765877E-09
      55      48   3.9715490214378969E-09
      55      49  -2.4776858360064615E-07
      55      50  -3.1441106769698606E-06
      55      51   1.7035927270102132E-05
      55      52  -1.3128991919072336E-04
      55      53  -1.6000967573348796E-04
      55      54  -7.5016295929421606E-01
      55      55   6.8878187261335233E+02
      56      56  -7.9363183829778950E+02
      56      57  -7.8068942347776360E-01
      56      58   6.3799460568094015E-05
      56      59  -9.5925668849719940E-05
      56      60  -1.4699780988395019E-05
      56      61  -2.3042743760213477E-06
      56      62   2.2343861853297850E-07
      56      63   6.0600789150938116E-09
      56      64  -3.9752821023235294E-09
      56      65   2.2518646857351408E-09
      56      66   5.1134641978850271E-10
      57      56  -7.8068942347776360E-01
      57      57  -6.3766896610302581E+02
      57      58   1.0493538986593787E+00
      57      59   1.2698344686048210E-04
      57      60   1.6993289262444390E-04
      57      61  -2.7959354443836360E-05
      57      62   4.7300011037967589E-06
      57      63   4.4124921802908063E-07
      57      64   1.1515993014577539E-08
      57      65   5.4930961697417522E-09
      57      66   2.3784225019362339E-09
      58      56   6.3799460568094015E-05
      58      57   1.0493538986593787E+00
      58      58  -4.8169537599439951E+02
      58      59  -1.2134020725144652E+00
      58      60   1.9418358712967331E-04
      58      61  -2.3274845829676397E-04
      58      62  -3.9064535967054190E-05
      58      63  -6.7830136926460179E-06
      58      64  -5.8517447312531129E-07
      58      65   1.4492460162038919E-08
      58      66  -4.0531580227554308E-09
      59      56  -9.5925668849719940E-05
      59      57   1.2698344686048210E-04
      59      58  -1.2134020725144652E+00
      59      59  -3.2571105467511359E+02
      59      60   1.3119015413823782E+00
      59      61   2.5723814730455936E-04
      59      62   2.7799566135793999E-04
      59      63  -4.4768606704723098E-05
      59      64  -7.5894666236213407E-06
      59      65   5.6725021565452045E-07
      59      66   1.1922209613924032E-08
      60      56  -1.4699780988395019E-05
      60      57   1.6993289262444390E-04
      60      58   1.9418358712967331E-04
      60      59   1.3119015413823782E+00
      60      60  -1.6971598076756462E+02
      60      61  -1.3586846714367518E+00
      60      62   3.0704571265142446E-04
      60      63  -3.0005727862418417E-04
      60      64   4.2930926567206333E-05
      60      65  -6.6431923167642048E-06
      60      66  -3.7203723875689067E-07
      61      56  -2.3042743760213477E-06
      61      57  -2.7959354443836360E-05
      61      58  -2.3274845829676397E-04
      61      59   2.5723814730455936E-04
      61      60  -1.3586846714367518E+00
      61      61  -1.3710128628782314E+01
      61      62   1.3588452894604104E+00
      61      63   3.3524225287766659E-04
      61      64  -2.9302463986022949E-04
      61      65  -3.3501446561361867E-05
      61      66  -4.0948762332966420E-06
      62      56   2.2343861853297850E-07
      62      57   4.7300011037967589E-06
      62      58  -3.9064535967054190E-05
      62      59   2.7799566135793999E-04
      62      60   3.0704571265142446E-04
      62      61   1.3588452894604104E+00
      62      62   1.4230652795298465E+02
      62      63  -1.3123769459604073E+00
      62      64  -3.3515278594735214E-04
      62      65  -2.5040879036744627E-04
      62      66   1.8871433460605123E-05
      63      56   6.0600789150938116E-09
      63      57   4.4124921802908063E-07
      63      58  -6.7830136926460179E-06
      63      59  -4.4768606704723098E-05
      63      60  -3.0005727862418417E-04
      63      61   3.3524225287766659E-04
      63      62  -1.3123769459604073E+00
      63      63   2.9833401640350149E+02
      63      64  -1.2141675537021839E+00
      63      65   3.0053333515507656E-04
      63      66  -1.6634087945513842E-04
      64      56  -3.9752821023235294E-09
      64      57   1.1515993014577539E-08
      64      58  -5.8517447312531129E-07
      64      59  -7.5894666236213407E-06
      64      60   4.2930926567206333E-05
      64      61  -2.9302463986022949E-04
      64      62  -3.3515278594735214E-04
      64      63  -1.2141675537021839E+00
      64      64   4.5437237169246225E+02
      64      65   1.0503437949515890E+00
      64      66   2.1994561140860014E-04
      65      56   2.2518646857351408E-09
      65      57   5.4930961697417522E-09
      65      58   1.4492460162038919E-08
      65      59   5.6725021565452045E-07
      65      60  -6.6431923167642048E-06
      65      61  -3.3501446561361867E-05
      65      62  -2.5040879036744627E-04
      65      63   3.0053333515507656E-04
      65      64   1.0503437949515890E+00
      65      65   6.1042164836283769E+02
      65      66  -7.8172252183283009E-01
      66      56   5.1134641978850271E-10
      66      57   2.3784225019362339E-09
      66      58  -4.0531580227554308E-09
      66      59   1.1922209613924032E-08
      66      60  -3.7203723875689067E-07
      66      61  -4.0948762332966420E-06
      66      62   1.8871433460605123E-05
      66      63  -1.6634087945513842E-04
      66      64   2.1994561140860014E-04
      66      65  -7.8172252183283009E-01
      66      66   7.6648193949559118E+02
      67      67  -8.7193177590858704E+02
      67      68  -8.0905541884058163E-01
      67      69   7.6189746982078025E-05
      67      70  -1.1019285443407452E-04
      67      71   1.5859617681568571E-05
      67      72  -2.5366182409136831E-06
      67      73  -2.7383181722839681E-07
      67      74   1.1122232416461180E-08
      67      75  -3.8438440949792894E-09
      67      76   2.6199801994154703E-09
      67      77   1.3379880016869329E-09
      67      78   8.2862696226724523E-11
      68      67  -8.0905541884058163E-01
      68      68  -7.1597441740892691E+02
      68      69   1.0932606452005831E+00
      68      70   1.5083552846438211E-04
      68      71  -1.9950977852620298E-04
      68      72  -3.0984042673871510E-05
      68      73  -5.5266676639156469E-06
      68      74   5.8524324797336907E-07
      68      75   2.2963837779434130E-08
      68      76   6.8914657169667382E-09
      68      77   3.6023776903010801E-09
      68      78   1.4325249052577707E-09
      69      67   7.6189746982078025E-05
      69      68   1.0932606452005831E+00
      69      69  -5.6000632905131181E+02
      69      70  -1.2723794566054034E+00
      69      71  -2.3146574711253783E-04
      69      72  -2.7996883633775536E-04
      69      73   4.5058990281107266E-05
      69      74  -8.5254228570303364E-06
      69      75  -8.6059108033242497E-07
      69      76   3.2446550048440545E-08
      69      77  -6.8388814030307330E-09
      69      78  -2.8625866687169626E-09
      70      67  -1.1019285443407452E-04
      70      68   1.5083552846438211E-04
      70      69  -1.2723794566054034E+00
      70      70  -4.0402750158696182E+02
      70      71  -1.3868817917593799E+00
      70      72   3.1091644743127297E-04
      70      73  -3.4421677437984090E-04
      70      74  -5.4688203507343419E-05
      70      75  -1.0517539228500521E-05
      70      76   9.7422413368193046E-07
      70      77   3.2823348888909238E-08
      70      78  -3.6146304633324178E-09
      71      67   1.5859617681568571E-05
      71      68  -1.9950977852620298E-04
      71      69  -2.3146574711253783E-04
      71      70  -1.3868817917593799E+00
      71      71  -2.4803791769773940E+02
      71      72   1.4515607437095894E+00
      71      73   3.8066600200548344E-04
      71      74   3.8612337643155746E-04
      71      75  -5.7043434039252960E-05
      71      76   1.0666973892692178E-05
      71      77   8.5221142455692438E-07
      71      78   2.2744343674117658E-08
      72      67  -2.5366182409136831E-06
      72      68  -3.0984042673871510E-05
      72      69  -2.7996883633775536E-04
      72      70   3.1091644743127297E-04
      72      71   1.4515607437095894E+00
      72      72  -9.2037553520015791E+01
      72      73  -1.4726485294990865E+00
      72      74   4.3204828503499277E-04
      72      75  -3.9972298659682559E-04
      72      76  -5.0913720505196011E-05
      72      77  -8.6966806716017949E-06
      72      78  -5.1859361137376759E-07
      73      67  -2.7383181722839681E-07
      73      68  -5.5266676639156469E-06
      73      69   4.5058990281107266E-05
      73      70  -3.4421677437984090E-04
      73      71   3.8066600200548344E-04
      73      72  -1.4726485294990865E+00
      73      73   6.3973617827257719E+01
      73      74   1.4519158559424550E+00
      73      75   4.5743340718291752E-04
      73      76   3.7832560525503857E-04
      73      77  -3.7403932742820007E-05
      73      78  -5.0733576779763674E-06
      74      67   1.1122232416461180E-08
      74      68   5.8524324797336907E-07
      74      69  -8.5254228570303364E-06
      74      70  -5.4688203507343419E-05
      74      71   3.8612337643155746E-04
      74      72   4.3204828503499277E-04
      74      73   1.4519158559424550E+00
      74      74   2.1999562500613553E+02
      74      75  -1.3875814718516781E+00
      74      76   4.5015051713120918E-04
      74      77  -3.1495808433362125E-04
      74      78   1.9929757719929083E-05
      75      67  -3.8438440949792894E-09
      75      68   2.2963837779434130E-08
      75      69  -8.6059108033242497E-07
      75      70  -1.0517539228500521E-05
      75      71  -5.7043434039252960E-05
      75      72  -3.9972298659682559E-04
      75      73   4.5743340718291752E-04
      75      74  -1.3875814718516781E+00
      75      75   3.7602850203131936E+02
      75      76   1.2733930861358156E+00
      75      77   4.0179312223835833E-04
      75      78  -2.0431170899975747E-04
      76      67   2.6199801994154703E-09
      76      68   6.8914657169667382E-09
      76      69   3.2446550048440545E-08
      76      70   9.7422413368193046E-07
      76      71   1.0666973892692178E-05
      76      72  -5.0913720505196011E-05
      76      73   3.7832560525503857E-04
      76      74   4.5015051713120918E-04
      76      75   1.2733930861358156E+00
      76      76   5.3207229708117575E+02
      76      77  -1.0945082244483575E+00
      76      78  -2.9465670283438441E-04
      77      67   1.3379880016869329E-09
      77      68   3.6023776903010801E-09
      77      69  -6.8388814030307330E-09
      77      70   3.2823348888909238E-08
      77      71   8.5221142455692438E-07
      77      72  -8.6966806716017949E-06
      77      73  -3.7403932742820007E-05
      77      74  -3.1495808433362125E-04
      77      75   4.0179312223835833E-04
      77      76  -1.0945082244483575E+00
      77      77   6.8812708695650281E+02
      77      78  -8.1031817153317287E-01
      78      67   8.2862696226724523E-11
      78      68   1.4325249052577707E-09
      78      69  -2.8625866687169626E-09
      78      70  -3.6146304633324178E-09
      78      71   2.2744343674117658E-08
      78      72  -5.1859361137376759E-07
      78      73  -5.0733576779763674E-06
      78      74   1.9929757719929083E-05
      78      75  -2.0431170899975747E-04
      78      76  -2.9465670283438441E-04
      78      77  -8.1031817153317287E-01
      78      78   8.4419299818339880E+02
      79      79  -9.5022079507028877E+02
      79      80  -8.3473666932370882E-01
      79      81   8.9033610145853234E-05
      79      82  -1.2376197721751720E-04
      79      83  -1.6864675651536001E-05
      79      84  -2.6764393921952742E-06
      79      85   3.1565480256115943E-07
      79      86   1.6589226168641609E-08
      79      87   3.5883593052455294E-09
      79      88   2.5948597413594312E-09
      79      89  -1.5883868831458838E-09
      79      90  -7.8502187853601702E-10
      79      91   2.0846329409126674E-10
      80      79  -8.3473666932370882E-01
      80      80  -7.9426895617949913E+02
      80      81   1.1329821382920853E+00
      80      82   1.7594089954027387E-04
      80      83   2.2823600714833462E-04
      80      84  -3.3521738226637148E-05
      80      85   6.1369116298212723E-06
      80      86   7.1970916757877854E-07
      80      87  -3.6791015439827453E-08
      80      88   7.1745669994791118E-09
      80      89  -4.9764331097132752E-09
      80      90  -2.0200085284418264E-09
      80      91  -8.3534669458798142E-10
      81      79   8.9033610145853234E-05
      81      80   1.1329821382920853E+00
      81      81  -6.3830637477219273E+02
      81      82  -1.3256147613118259E+00
      81      83   2.7050884978369370E-04
      81      84  -3.2675550855628115E-04
      81      85  -5.0148750377556025E-05
      81      86  -1.0037028191750169E-05
      81      87   1.1444717529485143E-06
      81      88   5.5930338870552154E-08
      81      89   8.2180770355790342E-09
      81      90   5.1220058950019271E-09
      81      91   1.8301274268743135E-09
      82      79  -1.2376197721751720E-04
      82      80   1.7594089954027387E-04
      82      81  -1.3256147613118259E+00
      82      82  -4.8233304448636881E+02
      82      83   1.4542865921859192E+00
      82      84   3.6641701153113879E-04
      82      85   4.1096655290555827E-04
      82      86  -6.3423460604034452E-05
      82      87   1.3309029462362940E-05
      82      88   1.4373701666493956E-06
      82      89  -6.5354931566811982E-08
      82      90   6.7578606415941040E-09
      82      91   2.7758507203346797E-09
      83      79  -1.6864675651536001E-05
      83      80   2.2823600714833462E-04
      83      81   2.7050884978369370E-04
      83      82   1.4542865921859192E+00
      83      83  -3.2634895215595583E+02
      83      84  -1.5345171884993607E+00
      83      85   4.5602311403862317E-04
      83      86  -4.7405905005490080E-04
      83      87  -7.0121728169487179E-05
      83      88  -1.4873086369304171E-05
      83      89   1.4662392203382173E-06
      83      90   5.8800310754845140E-08
      83      91  -2.8674864528603278E-09
      84      79  -2.6764393921952742E-06
      84      80  -3.3521738226637148E-05
      84      81  -3.2675550855628115E-04
      84      82   3.6641701153113879E-04
      84      83  -1.5345171884993607E+00
      84      84  -1.7035407702181485E+02
      84      85   1.5733071961475875E+00
      84      86   5.3095038510246986E-04
      84      87   5.0990608819854598E-04
      84      88  -6.8121649963057287E-05
      84      89   1.4042654181664682E-05
      84      90   1.1902008418908415E-06
      84      91   3.6463382184208566E-08
      85      79   3.1565480256115943E-07
      85      80   6.1369116298212723E-06
      85      81  -5.0148750377556025E-05
      85      82   4.1096655290555827E-04
      85      83   4.5602311403862317E-04
      85      84   1.5733071961475875E+00
      85      85  -1.4348393144110396E+01
      85      86  -1.5735031919298494E+00
      85      87   5.8313354730499495E-04
      85      88  -5.1189451884145118E-04
      85      89  -5.7284377582760681E-05
      85      90  -1.0831353211669938E-05
      85      91  -6.8387844398789037E-07
      86      79   1.6589226168641609E-08
      86      80   7.1970916757877854E-07
      86      81  -1.0037028191750169E-05
      86      82  -6.3423460604034452E-05
      86      83  -4.7405905005490080E-04
      86      84   5.3095038510246986E-04
      86      85  -1.5735031919298494E+00
      86      86   1.4166812848230342E+02
      86      87   1.5351017482436433E+00
      86      88   6.0537389652355210E-04
      86      89   4.7256960227375398E-04
      86      90  -3.9853189259368193E-05
      86      91  -6.0391447060142281E-06
      87      79   3.5883593052455294E-09
      87      80  -3.6791015439827453E-08
      87      81   1.1444717529485143E-06
      87      82   1.3309029462362940E-05
      87      83  -7.0121728169487179E-05
      87      84   5.0990608819854598E-04
      87      85   5.8313354730499495E-04
      87      86   1.5351017482436433E+00
      87      87   2.9769552120340182E+02
      87      88  -1.4552460128432203E+00
      87      89   5.9013445134967896E-04
      87      90  -3.8482045579014311E-04
      87      91   2.0105028228534156E-05
      88      79   2.5948597413594312E-09
      88      80   7.1745669994791118E-09
      88      81   5.5930338870552154E-08
      88      82   1.4373701666493956E-06
      88      83  -1.4873086369304171E-05
      88      84  -6.8121649963057287E-05
      88      85  -5.1189451884145118E-04
      88      86   6.0537389652355210E-04
      88      87  -1.4552460128432203E+00
      88      88   4.5373382873511275E+02
      88      89   1.3269115558045450E+00
      88      90   5.2547698769357350E-04
      88      91  -2.4448122157431543E-04
      89      79  -1.5883868831458838E-09
      89      80  -4.9764331097132752E-09
      89      81   8.2180770355790342E-09
      89      82  -6.5354931566811982E-08
      89      83   1.4662392203382173E-06
      89      84   1.4042654181664682E-05
      89      85  -5.7284377582760681E-05
      89      86   4.7256960227375398E-04
      89      87   5.9013445134967896E-04
      89      88   1.3269115558045450E+00
      89      89   6.0978311618818589E+02
      89      90  -1.1345188132598845E+00
      89      91  -3.8567585282416294E-04
      90      79  -7.8502187853601702E-10
      90      80  -2.0200085284418264E-09
      90      81   5.1220058950019271E-09
      90      82   6.7578606415941040E-09
      90      83   5.8800310754845140E-08
      90      84   1.1902008418908415E-06
      90      85  -1.0831353211669938E-05
      90      86  -3.9853189259368193E-05
      90      87  -3.8482045579014311E-04
      90      88   5.2547698769357350E-04
      90      89  -1.1345188132598845E+00
      90      90   7.6584348663257026E+02
      90      91  -8.3625143831658244E-01
      91      79   2.0846329409126674E-10
      91      80  -8.3534669458798142E-10
      91      81   1.8301274268743135E-09
      91      82   2.7758507203346797E-09
      91      83  -2.8674864528603278E-09
      91      84   3.6463382184208566E-08
      91      85  -6.8387844398789037E-07
      91      86  -6.0391447060142281E-06
      91      87   2.0105028228534156E-05
      91      88  -2.4448122157431543E-04
      91      89  -3.8567585282416294E-04
      91      90  -8.3625143831658244E-01
      91      91   9.2191510319706140E+02
      92      92  -1.0284988980903156E+03
      92      93  -8.5797307025071479E-01
      92      94   1.0186906797461248E-04
      92      95  -1.3646592103817775E-04
      92      96   1.7793088359531864E-05
      92      97  -2.7238588771112020E-06
      92      98  -3.4551322103162944E-07
      92      99   2.2045894514804236E-08
      92     100  -3.0946207647448841E-09
      92     101   2.6426339318041809E-09
      92     102   1.4310745512554822E-09
      92     103  -1.0302264625713836E-09
      92     104  -4.2888216585287651E-10
      92     105   4.0018290509227052E-10
      93      92  -8.5797307025071479E-01
      93      93  -8.7255258405518987E+02
      93      94   1.1689436404575591E+00
      93      95   2.0177307904942139E-04
      93      96  -2.5562328316237540E-04
      93      97  -3.5700014316746031E-05
      93      98  -6.5385750006770753E-06
      93      99   8.3454919015640531E-07
      93     100   5.1284644095671661E-08
      93     101   6.3442814649510166E-09
      93     102   5.7904713740167033E-09
      93     103  -2.9391627045817911E-09
      93     104  -1.0768309774532469E-09
      93     105  -4.3512168512512741E-10
      94      92   1.0186906797461248E-04
      94      93   1.1689436404575591E+00
      94      94  -7.1659551491635273E+02
      94      95  -1.3737746703401381E+00
      94      96  -3.1089902141190887E-04
      94      97  -3.7220354643892453E-04
      94      98   5.4439425166284617E-05
      94      99  -1.1236949758541746E-05
      94     100  -1.4150204594160922E-06
      94     101   8.3458580843542144E-08
      94     102  -8.6748841918446140E-09
      94     103   6.8682310440433160E-09
      94     104   3.0880938391258454E-09
      94     105   1.2321670635544929E-09
      95      92  -1.3646592103817775E-04
      95      93   2.0177307904942139E-04
      95      94  -1.3737746703401381E+00
      95      95  -5.6062768577314876E+02
      95      96  -1.5151273440478921E+00
      95      97   4.2342824867622571E-04
      95      98  -4.7691690387201242E-04
      95      99  -7.0927225470848962E-05
      95     100  -1.5782275644226535E-05
      95     101   1.9200135411967426E-06
      95     102   1.0774922822507788E-07
      95     103   8.1648604627609683E-09
      95     104   6.0247834593040992E-09
      95     105   1.6743588409275038E-09
      96      92   1.7793088359531864E-05
      96      93  -2.5562328316237540E-04
      96      94  -3.1089902141190887E-04
      96      95  -1.5151273440478921E+00
      96      96  -4.0464908711331321E+02
      96      97   1.6090904042996850E+00
      96      98   5.3266435492874099E-04
      96      99   5.6215433224240247E-04
      96     100  -8.1800420218430456E-05
      96     101   1.8945079539028527E-05
      96     102   2.1714280861359392E-06
      96     103  -1.1138775900874347E-07
      96     104   5.0454061841924489E-09
      96     105   2.6647856943683639E-09
      97      92  -2.7238588771112020E-06
      97      93  -3.5700014316746031E-05
      97      94  -3.7220354643892453E-04
      97      95   4.2342824867622571E-04
      97      96   1.6090904042996850E+00
      97      97  -2.4865970197999169E+02
      97      98  -1.6632128040977259E+00
      97      99   6.3093158494849323E-04
      97     100  -6.2145685908658350E-04
      97     101  -8.4303522871392663E-05
      97     102  -1.9696416767080701E-05
      97     103   2.0546420297105002E-06
      97     104   9.1717357754089913E-08
      97     105  -1.7522190434066770E-09
      98      92  -3.4551322103162944E-07
      98      93  -6.5385750006770753E-06
      98      94   5.4439425166284617E-05
      98      95  -4.7691690387201242E-04
      98      96   5.3266435492874099E-04
      98      97  -1.6632128040977259E+00
      98      98  -9.2659506692650524E+01
      98      99   1.6810444107551510E+00
      98     100   7.1024656730080582E-04
      98     101   6.4831676739502200E-04
      98     102  -7.7224813228835812E-05
      98     103   1.7586611131985625E-05
      98     104   1.5738844803981391E-06
      98     105   5.2936324101040730E-08
      99      92   2.2045894514804236E-08
      99      93   8.3454919015640531E-07
      99      94  -1.1236949758541746E-05
      99      95  -7.0927225470848962E-05
      99      96   5.6215433224240247E-04
      99      97   6.3093158494849323E-04
      99      98   1.6810444107551510E+00
      99      99   6.3351527025304186E+01
      99     100  -1.6636406002851560E+00
      99     101   7.6309438332119051E-04
      99     102  -6.3531762220656897E-04
      99     103  -6.1562740640484114E-05
      99     104  -1.2962416763416052E-05
      99     105  -8.6326714119434015E-07
     100      92  -3.0946207647448841E-09
     100      93   5.1284644095671661E-08
     100      94  -1.4150204594160922E-06
     100      95  -1.5782275644226535E-05
     100      96  -8.1800420218430456E-05
     100      97  -6.2145685908658350E-04
     100      98   7.1024656730080582E-04
     100      99  -1.6636406002851560E+00
     100     100   2.1937343174119269E+02
     100     101   1.6099406170034829E+00
     100     102   7.8217126456998941E-04
     100     103   5.7440643905324554E-04
     100     104  -4.0621382652588892E-05
     100     105  -6.9533947829311392E-06
     101      92   2.6426339318041809E-09
     101      93   6.3442814649510166E-09
     101      94   8.3458580843542144E-08
     101      95   1.9200135411967426E-06
     101      96   1.8945079539028527E-05
     101      97  -8.4303522871392663E-05
