#    row  column                    value
       1       1   2.4390030148180602E-09
       2       2   2.5388753504938690E-09
       2       3  -1.3222913578876807E-10
       3       2  -1.3222913578876807E-10
       3       3   2.5348956044990749E-09
       4       4   2.6361018200360041E-09
       4       5  -1.8515263744630338E-10
       4       6  -1.7184762984063426E-15
       5       4  -1.8515263744630338E-10
       5       5   2.6334660800972954E-09
       5       6   1.8517023199856220E-10
       6       4  -1.7184762984063426E-15
       6       5   1.8517023199856220E-10
       6       6   2.6282332531518277E-09
       7       7   2.7306811025826620E-09
       7       8   2.2448184588537911E-10
       7       9  -3.7028700213808294E-15
       7      10   3.3396996058814912E-15
       8       7   2.2448184588537911E-10
       8       8   2.7293889013778967E-09
       8       9  -2.5928325424181538E-10
       8      10  -4.5574047259488863E-15
       9       7  -3.7028700213808294E-15
       9       8  -2.5928325424181538E-10
       9       9   2.7254986862263891E-09
       9      10   2.2452610444578782E-10
      10       7   3.3396996058814912E-15
      10       8  -4.5574047259488863E-15
      10       9   2.2452610444578782E-10
      10      10   2.7190075008196418E-09
      11      11   2.8226112746432035E-09
      11      12   2.5654998620046375E-10
      11      13  -6.0581282514697725E-15
      11      14   7.3950637816158735E-15
      11      15   1.2972138759961522E-15
      12      11   2.5654998620046375E-10
      12      12   2.8226619919010743E-09
      12      13  -3.1435948543670547E-10
      12      14  -1.0036389262109694E-14
      12      15  -8.0712870005548177E-15
      13      11  -6.0581282514697725E-15
      13      12  -3.1435948543670547E-10
      13      13   2.8201148672369815E-09
      13      14   3.1439106832531174E-10
      13      15  -8.9657378967548053E-15
      14      11   7.3950637816158735E-15
      14      12  -1.0036389262109694E-14
      14      13   3.1439106832531174E-10
      14      14   2.8149641758457401E-09
      14      15  -2.5662920516809488E-10
      15      11   1.2972138759961522E-15
      15      12  -8.0712870005548177E-15
      15      13  -8.9657378967548053E-15
      15      14  -2.5662920516809488E-10
      15      15   2.8072079673109911E-09
      16      16   2.9118902774009881E-09
      16      17   2.8383167644852297E-10
      16      18  -8.8140178862945499E-15
      16      19   1.2542501758150612E-14
      16      20   2.4711204002902729E-15
      16      21   1.7511207787137801E-16
      17      16   2.8383167644852297E-10
      17      17   2.9132833505649204E-09
      17      18  -3.5926758781230881E-10
      17      19  -1.6526466557653977E-14
      17      20  -1.7018906972432840E-14
      17      21   2.6520792535897991E-15
      18      16  -8.8140178862945499E-15
      18      17  -3.5926758781230881E-10
      18      18   2.9120790959529902E-09
      18      19   3.8117350554477664E-10
      18      20  -1.9612354136166707E-14
      18      21   1.4891121181292044E-14
      19      16   1.2542501758150612E-14
      19      17  -1.6526466557653977E-14
      19      18   3.8117350554477664E-10
      19      19   2.9082704273991779E-09
      19      20  -3.5934244147989331E-10
      19      21  -1.5461287956491878E-14
      20      16   2.4711204002902729E-15
      20      17  -1.7018906972432840E-14
      20      18  -1.9612354136166707E-14
      20      19  -3.5934244147989331E-10
      20      20   2.9018523413693540E-09
      20      21   2.8395453388124497E-10
      21      16   1.7511207787137801E-16
      21      17   2.6520792535897991E-15
      21      18   1.4891121181292044E-14
      21      19  -1.5461287956491878E-14
      21      20   2.8395453388124497E-10
      21      21   2.8928225949204918E-09
      22      22   2.9985162617633716E-09
      22      23   3.0760524360179211E-10
      22      24   1.2059107486291616E-14
      22      25   1.8571441426664751E-14
      22      26  -3.6371679672447592E-15
      22      27   3.6434907366410391E-16
      22      28   1.2997982248858983E-17
      23      22   3.0760524360179211E-10
      23      23   3.0012512477233013E-09
      23      24   3.9747276533991176E-10
      23      25  -2.3850695920194610E-14
      23      26   2.7904725580783387E-14
      23      27   5.0802305293272279E-15
      23      28   4.0895614239652319E-16
      24      22   1.2059107486291616E-14
      24      23   3.9747276533991176E-10
      24      24   3.0013893347908947E-09
      24      25  -4.3562677975951921E-10
      24      26  -3.2153860377787418E-14
      24      27  -3.0339340038447672E-14
      24      28   4.1532129776784444E-15
      25      22   1.8571441426664751E-14
      25      23  -2.3850695920194610E-14
      25      24  -4.3562677975951921E-10
      25      25   2.9989230577693733E-09
      25      26   4.3567298144762655E-10
      25      27  -3.3065490843055854E-14
      25      28   2.3914479860368247E-14
      26      22  -3.6371679672447592E-15
      26      23   2.7904725580783387E-14
      26      24  -3.2153860377787418E-14
      26      25   4.3567298144762655E-10
      26      26   2.9938455916846554E-09
      26      27  -3.9760240171519234E-10
      26      28  -2.4737005217238094E-14
      27      22   3.6434907366410391E-16
      27      23   5.0802305293272279E-15
      27      24  -3.0339340038447672E-14
      27      25  -3.3065490843055854E-14
      27      26  -3.9760240171519234E-10
      27      27   2.9861519052055480E-09
      27      28   3.0778129344363003E-10
      28      22   1.2997982248858983E-17
      28      23   4.0895614239652319E-16
      28      24   4.1532129776784444E-15
      28      25   2.3914479860368247E-14
      28      26  -2.4737005217238094E-14
      28      27   3.0778129344363003E-10
      28      28   2.9758379182165074E-09
      29      29   3.0824878312684656E-09
      29      30  -3.2863441207374664E-10
      29      31  -1.5881869625824313E-14
      29      32   2.5234737091229289E-14
      29      33   4.7168424151405315E-15
      29      34   5.7290181043414247E-16
      29      35  -3.1593816612371980E-17
      30      29  -3.2863441207374664E-10
      30      30   3.0865643730273706E-09
      30      31   4.3076503843060685E-10
      30      32   3.1995619872176288E-14
      30      33   4.0345669742618589E-14
      30      34  -7.5205156004269009E-15
      30      35   8.5242014450102559E-16
      30      36   3.6180020497163863E-17
      31      29  -1.5881869625824313E-14
      31      30   4.3076503843060685E-10
      31      31   3.0880441841879617E-09
      31      32   4.8195234380443913E-10
      31      33  -4.6072290622897291E-14
      31      34   4.8476229248577843E-14
      31      35   8.0038436830370447E-15
      31      36   7.2081048136057659E-16
      32      29   2.5234737091229289E-14
      32      30   3.1995619872176288E-14
      32      31   4.8195234380443913E-10
      32      32   3.0869200074230761E-09
      32      33  -4.9791158707613506E-10
      32      34  -5.3568156389251142E-14
      32      35  -4.7535618146190181E-14
      32      36   5.6715304112539425E-15
      33      29   4.7168424151405315E-15
      33      30   4.0345669742618589E-14
      33      31  -4.6072290622897291E-14
      33      32  -4.9791158707613506E-10
      33      33   3.0831841676880528E-09
      33      34   4.8205834825437219E-10
      33      35  -5.1289565787078626E-14
      33      36   3.5148661071059639E-14
      34      29   5.7290181043414247E-16
      34      30  -7.5205156004269009E-15
      34      31   4.8476229248577843E-14
      34      32  -5.3568156389251142E-14
      34      33   4.8205834825437219E-10
      34      34   3.0768297607867825E-09
      34      35  -4.3096167133455844E-10
      34      36  -3.7613483899177405E-14
      35      29  -3.1593816612371980E-17
      35      30   8.5242014450102559E-16
      35      31   8.0038436830370447E-15
      35      32  -4.7535618146190181E-14
      35      33  -5.1289565787078626E-14
      35      34  -4.3096167133455844E-10
      35      35   3.0678506855687387E-09
      35      36   3.2887423574016909E-10
      36      30   3.6180020497163863E-17
      36      31   7.2081048136057659E-16
      36      32   5.6715304112539425E-15
      36      33   3.5148661071059639E-14
      36      34  -3.7613483899177405E-14
      36      35   3.2887423574016909E-10
      36      36   3.0562393531414504E-09
      37      37   3.1638041999783484E-09
      37      38   3.4741879441943241E-10
      37      39  -2.0332496311341660E-14
      37      40   3.2283227205179284E-14
      37      41   5.6667118643510521E-15
      37      42   7.7944339923732492E-16
      37      43   5.5447621528974302E-17
      38      37   3.4741879441943241E-10
      38      38   3.1692219387148255E-09
      38      39  -4.6021385982554299E-10
      38      40  -4.1009479079770756E-14
      38      41  -5.3901148245782405E-14
      38      42   9.8076402151739479E-15
      38      43   1.3461157903376469E-15
      38      44  -8.4607018864982532E-17
      39      37  -2.0332496311341660E-14
      39      38  -4.6021385982554299E-10
      39      39   3.1720428630295999E-09
      39      40   5.2232049630821028E-10
      39      41  -6.1133242923142321E-14
      39      42   6.8739844150498034E-14
      39      43  -1.1921387642081956E-14
      39      44   1.5081393037857082E-15
      39      45   7.1998004322228300E-17
      40      37   3.2283227205179284E-14
      40      38  -4.1009479079770756E-14
      40      39   5.2232049630821028E-10
      40      40   3.1722601678524353E-09
      40      41  -5.5086020217251322E-10
      40      42  -7.6048961716158707E-14
      40      43   7.4461251939190393E-14
      40      44   1.0999507409429598E-14
      40      45   1.0992323889428955E-15
      41      37   5.6667118643510521E-15
      41      38  -5.3901148245782405E-14
      41      39  -6.1133242923142321E-14
      41      40  -5.5086020217251322E-10
      41      41   3.1698660147846200E-09
      41      42   5.5092189319248490E-10
      41      43   8.1695754905185756E-14
      41      44   6.8615580855457833E-14
      41      45  -7.0841784828438398E-15
      42      37   7.7944339923732492E-16
      42      38   9.8076402151739479E-15
      42      39   6.8739844150498034E-14
      42      40  -7.6048961716158707E-14
      42      41   5.5092189319248490E-10
      42      42   3.1648524380554150E-09
      42      43   5.2250017532840390E-10
      42      44  -7.5377161786725266E-14
      42      45   4.8509245154196518E-14
      43      37   5.5447621528974302E-17
      43      38   1.3461157903376469E-15
      43      39  -1.1921387642081956E-14
      43      40   7.4461251939190393E-14
      43      41   8.1695754905185756E-14
      43      42   5.2250017532840390E-10
      43      43   3.1572118266099005E-09
      43      44  -4.6049075874870125E-10
      43      45  -5.4989393123411542E-14
      44      38  -8.4607018864982532E-17
      44      39   1.5081393037857082E-15
      44      40   1.0999507409429598E-14
      44      41   6.8615580855457833E-14
      44      42  -7.5377161786725266E-14
      44      43  -4.6049075874870125E-10
      44      44   3.1469357765420018E-09
      44      45   3.4773390135472497E-10
      45      39   7.1998004322228300E-17
      45      40   1.0992323889428955E-15
      45      41  -7.0841784828438398E-15
      45      42   4.8509245154196518E-14
      45      43  -5.4989393123411542E-14
      45      44   3.4773390135472497E-10
      45      45   3.1340114978077953E-09
      46      46   3.2424652803484837E-09
      46      47   3.6430617949643519E-10
      46      48   2.5402443549053368E-14
      46      49   3.9484735840376431E-14
      46      50  -6.4735699462926661E-15
      46      51   9.6623175936753472E-16
      46      52   8.1986511135589656E-17
      47      46   3.6430617949643519E-10
      47      47   3.2492237438754195E-09
      47      48   4.8651887755852696E-10
      47      49  -5.0929265553789346E-14
      47      50   6.8129522247956584E-14
      47      51   1.1844172856627089E-14
      47      52   1.8422296244657598E-15
      47      53  -1.4585059718689049E-16
      48      46   2.5402443549053368E-14
      48      47   4.8651887755852696E-10
      48      48   3.2533851898133537E-09
      48      49  -5.5802790196352353E-10
      48      50  -7.7255599836684122E-14
      48      51  -9.0505394581361577E-14
      48      52   1.5639309861200509E-14
      48      53  -2.3947286925899219E-15
      48      54  -1.6559470053631486E-16
      49      46   3.9484735840376431E-14
      49      47  -5.0929265553789346E-14
      49      48  -5.5802790196352353E-10
      49      49   3.2549432299188983E-09
      49      50   5.9699923891841020E-10
      49      51  -9.9973837524225548E-14
      49      52   1.0393427262800821E-13
      49      53   1.6487929798928151E-14
      49      54   2.3108115204245270E-15
      49      55   1.2045777705620995E-16
      50      46  -6.4735699462926661E-15
      50      47   6.8129522247956584E-14
      50      48  -7.7255599836684122E-14
      50      49   5.9699923891841020E-10
      50      50   3.2538902725705386E-09
      50      51  -6.0950610679522162E-10
      50      52  -1.1464555364747129E-13
      50      53  -1.0585171334829196E-13
      50      54   1.3831609198343843E-14
      50      55   1.5285789659177932E-15
      51      46   9.6623175936753472E-16
      51      47   1.1844172856627089E-14
      51      48  -9.0505394581361577E-14
      51      49  -9.9973837524225548E-14
      51      50  -6.0950610679522162E-10
      51      51   3.2502179449415388E-09
      51      52   5.9713780781171482E-10
      51      53  -1.1770583766977297E-13
      51      54   9.3441546731019822E-14
      51      55  -8.2824015129967820E-15
      52      46   8.1986511135589656E-17
      52      47   1.8422296244657598E-15
      52      48   1.5639309861200509E-14
      52      49   1.0393427262800821E-13
      52      50  -1.1464555364747129E-13
      52      51   5.9713780781171482E-10
      52      52   3.2439176695119534E-09
      52      53  -5.5829596723116899E-10
      52      54  -1.0655383179014806E-13
      52      55   6.3829567268319046E-14
      53      47  -1.4585059718689049E-16
      53      48  -2.3947286925899219E-15
      53      49   1.6487929798928151E-14
      53      50  -1.0585171334829196E-13
      53      51  -1.1770583766977297E-13
      53      52  -5.5829596723116899E-10
      53      53   3.2349802800257219E-09
      53      54   4.8689037948862940E-10
      53      55   7.7792326753022121E-14
      54      48  -1.6559470053631486E-16
      54      49   2.3108115204245270E-15
      54      50   1.3831609198343843E-14
      54      51   9.3441546731019822E-14
      54      52  -1.0655383179014806E-13
      54      53   4.8689037948862940E-10
      54      54   3.2233937380444934E-09
      54      55   3.6470870848487438E-10
      55      49   1.2045777705620995E-16
      55      50   1.5285789659177932E-15
      55      51  -8.2824015129967820E-15
      55      52   6.3829567268319046E-14
      55      53   7.7792326753022121E-14
      55      54   3.6470870848487438E-10
      55      55   3.2091384380456857E-09
      56      56   3.3184717142077983E-09
      56      57   3.7954984024990440E-10
      56      58  -3.1017554704554061E-14
      56      59   4.6636434069376570E-14
      56      60   7.1466292775521355E-15
      56      61   1.1202742722826854E-15
      56      62  -1.0863025219736286E-16
      57      56   3.7954984024990440E-10
      57      57   3.3265702050652323E-09
      57      58  -5.1016715818975459E-10
      57      59  -6.1735878748849673E-14
      57      60  -8.2616722349948204E-14
      57      61   1.3593071504644006E-14
      57      62  -2.2995958729982486E-15
      57      63  -2.1452501749554460E-16
      58      56  -3.1017554704554061E-14
      58      57  -5.1016715818975459E-10
      58      58   3.3320715613736930E-09
      58      59   5.8992289242639414E-10
      58      60  -9.4406748437961025E-14
      58      61   1.1315593208293085E-13
      58      62   1.8992108066146759E-14
      58      63   3.2977164101870852E-15
      58      64   2.8449809564318372E-16
      59      56   4.6636434069376570E-14
      59      57  -6.1735878748849673E-14
      59      58   5.8992289242639414E-10
      59      59   3.3349695640607217E-09
      59      60  -6.3781063952415272E-10
      59      61  -1.2506215173323876E-13
      59      62  -1.3515388230050214E-13
      59      63   2.1765271847277473E-14
      59      64   3.6897910206859699E-15
      59      65  -2.7578269299048016E-16
      60      56   7.1466292775521355E-15
      60      57  -8.2616722349948204E-14
      60      58  -9.4406748437961025E-14
      60      59  -6.3781063952415272E-10
      60      60   3.3352570308808867E-09
      60      61   6.6055531750451084E-10
      60      62  -1.4927722763933975E-13
      60      63   1.4587963690261159E-13
      60      64  -2.0871840793993011E-14
      60      65   3.2297355623523827E-15
      60      66   1.8087489086137021E-16
      61      56   1.1202742722826854E-15
      61      57   1.3593071504644006E-14
      61      58   1.1315593208293085E-13
      61      59  -1.2506215173323876E-13
      61      60   6.6055531750451084E-10
      61      61   3.3329256493791950E-09
      61      62  -6.6063340559396489E-10
      61      63  -1.6298561231571085E-13
      61      64   1.4246056272065328E-13
      61      65   1.6287486348919591E-14
      61      66   1.9908159582270456E-15
      62      56  -1.0863025219736286E-16
      62      57  -2.2995958729982486E-15
      62      58   1.8992108066146759E-14
      62      59  -1.3515388230050214E-13
      62      60  -1.4927722763933975E-13
      62      61  -6.6063340559396489E-10
      62      62   3.3279663846223755E-09
      62      63   6.3804176822377835E-10
      62      64   1.6294211772941396E-13
      62      65   1.2174190137740671E-13
      62      66  -9.1747737458059002E-15
      63      57  -2.1452501749554460E-16
      63      58   3.2977164101870852E-15
      63      59   2.1765271847277473E-14
      63      60   1.4587963690261159E-13
      63      61  -1.6298561231571085E-13
      63      62   6.3804176822377835E-10
      63      63   3.3203695150141189E-09
      63      64   5.9029504843755166E-10
      63      65  -1.4611108731825184E-13
      63      66   8.0870383073452720E-14
      64      58   2.8449809564318372E-16
      64      59   3.6897910206859699E-15
      64      60  -2.0871840793993011E-14
      64      61   1.4246056272065328E-13
      64      62   1.6294211772941396E-13
      64      63   5.9029504843755166E-10
      64      64   3.3101233240024764E-09
      64      65  -5.1064841868419903E-10
      64      66  -1.0693154090052610E-13
      65      59  -2.7578269299048016E-16
      65      60   3.2297355623523827E-15
      65      61   1.6287486348919591E-14
      65      62   1.2174190137740671E-13
      65      63  -1.4611108731825184E-13
      65      64  -5.1064841868419903E-10
      65      65   3.2972107920449580E-09
      65      66   3.8005210440562597E-10
      66      60   1.8087489086137021E-16
      66      61   1.9908159582270456E-15
      66      62  -9.1747737458059002E-15
      66      63   8.0870383073452720E-14
      66      64  -1.0693154090052610E-13
      66      65   3.8005210440562597E-10
      66      66   3.2816040515413063E-09
      67      67   3.3918248584446528E-09
      67      68   3.9334061118810488E-10
      67      69  -3.7041370994965166E-14
      67      70   5.3572754103809326E-14
      67      71  -7.7105137174991043E-15
      67      72   1.2332361048173474E-15
      67      73   1.3312786630097769E-16
      68      67   3.9334061118810488E-10
      68      68   3.4012623585098185E-09
      68      69  -5.3151341719382471E-10
      68      70  -7.3332109070094716E-14
      68      71   9.6996197035100473E-14
      68      72   1.5063593486292940E-14
      68      73   2.6869175197871526E-15
      68      74  -2.8452705437687103E-16
      68      75  -1.1161747135068756E-17
      69      67  -3.7041370994965166E-14
      69      68  -5.3151341719382471E-10
      69      69   3.4081029280206419E-09
      69      70   6.1859608311880739E-10
      69      71   1.1253231366245202E-13
      69      72   1.3611318827661055E-13
      69      73  -2.1906446901281117E-14
      69      74   4.1448284251832234E-15
      69      75   4.1839503060870624E-16
      69      76  -1.5772748924744723E-17
      70      67   5.3572754103809326E-14
      70      68  -7.3332109070094716E-14
      70      69   6.1859608311880739E-10
      70      70   3.4123401258467565E-09
      70      71   6.7426398601335682E-10
      70      72  -1.5115906985555327E-13
      70      73   1.6734877919819196E-13
      70      74   2.6587907400670798E-14
      70      75   5.1133413256831411E-15
      70      76  -4.7363925987064503E-16
      70      77  -1.5956319448879312E-17
      71      67  -7.7105137174991043E-15
      71      68   9.6996197035100473E-14
      71      69   1.1253231366245202E-13
      71      70   6.7426398601335682E-10
      71      71   3.4139671340374266E-09
      71      72  -7.0570912301809807E-10
      71      73  -1.8506939502103366E-13
      71      74  -1.8772262313220112E-13
      71      75   2.7732955889668169E-14
      71      76  -5.1859913541489889E-15
      71      77  -4.1432172952453976E-16
      71      78  -1.1057933232210411E-17
      72      67   1.2332361048173474E-15
      72      68   1.5063593486292940E-14
      72      69   1.3611318827661055E-13
      72      70  -1.5115906985555327E-13
      72      71  -7.0570912301809807E-10
      72      72   3.4129759762864978E-09
      72      73   7.1596142756733124E-10
      72      74  -2.1005005454227160E-13
      72      75   1.9433438327610711E-13
      72      76   2.4752859168369705E-14
      72      77   4.2280911881804066E-15
      72      78   2.5212722693654059E-16
      73      67   1.3312786630097769E-16
      73      68   2.6869175197871526E-15
      73      69  -2.1906446901281117E-14
      73      70   1.6734877919819196E-13
      73      71  -1.8506939502103366E-13
      73      72   7.1596142756733124E-10
      73      73   3.4093575843016943E-09
      73      74  -7.0588176887101228E-10
      73      75  -2.2239160848034002E-13
      73      76  -1.8393155927565247E-13
      73      77   1.8184768766997964E-14
      73      78   2.4665307345918869E-15
      74      68  -2.8452705437687103E-16
      74      69   4.1448284251832234E-15
      74      70   2.6587907400670798E-14
      74      71  -1.8772262313220112E-13
      74      72  -2.1005005454227160E-13
      74      73  -7.0588176887101228E-10
      74      74   3.4031019618021610E-09
      74      75   6.7460415133513858E-10
      74      76  -2.1885086549062063E-13
      74      77   1.5312400636974552E-13
      74      78  -9.6893016732049182E-15
      75      68  -1.1161747135068756E-17
      75      69   4.1839503060870624E-16
      75      70   5.1133413256831411E-15
      75      71   2.7732955889668169E-14
      75      72   1.9433438327610711E-13
      75      73  -2.2239160848034002E-13
      75      74   6.7460415133513858E-10
      75      75   3.3941975437538109E-09
      75      76  -6.1908888206728612E-10
      75      77  -1.9534082230824592E-13
      75      78   9.9330769797565056E-14
      76      69  -1.5772748924744723E-17
      76      70  -4.7363925987064503E-16
      76      71  -5.1859913541489889E-15
      76      72   2.4752859168369705E-14
      76      73  -1.8393155927565247E-13
      76      74  -2.1885086549062063E-13
      76      75  -6.1908888206728612E-10
      76      76   3.3826289914091197E-09
      76      77   5.3211995609573392E-10
      76      78   1.4325402955098460E-13
      77      70  -1.5956319448879312E-17
      77      71  -4.1432172952453976E-16
      77      72   4.2280911881804066E-15
      77      73   1.8184768766997964E-14
      77      74   1.5312400636974552E-13
      77      75  -1.9534082230824592E-13
      77      76   5.3211995609573392E-10
      77      77   3.3683730219406168E-09
      77      78   3.9395452700361618E-10
      78      71  -1.1057933232210411E-17
      78      72   2.5212722693654059E-16
      78      73   2.4665307345918869E-15
      78      74  -9.6893016732049182E-15
      78      75   9.9330769797565056E-14
      78      76   1.4325402955098460E-13
      78      77   3.9395452700361618E-10
      78      78   3.3513923052571640E-09
      79      79   3.4625267355542785E-09
      79      80   4.0582613260179121E-10
      79      81  -4.3285706304393101E-14
      79      82   6.0169686777444779E-14
      79      83   8.1991439206653366E-15
      79      84   1.3012106348863977E-15
      79      85  -1.5346294752873351E-16
      80      79   4.0582613260179121E-10
      80      80   3.4733018386906259E-09
      80      81  -5.5082492046695427E-10
      80      82  -8.5537652839987663E-14
      80      83  -1.1096210267776265E-13
      80      84   1.6297352451723364E-14
      80      85  -2.9835998117096736E-15
      80      86  -3.4990205440748470E-16
      80      87   1.7887594409488612E-17
      81      79  -4.3285706304393101E-14
      81      80  -5.5082492046695427E-10
      81      81   3.4814807640048399E-09
      81      82   6.4447763189748338E-10
      81      83  -1.3151400427053536E-13
      81      84   1.5885958724119264E-13
      81      85   2.4380950311824771E-14
      81      86   4.8797290891438393E-15
      81      87  -5.5640947728663383E-16
      81      88  -2.7190188741200800E-17
      82      79   6.0169686777444779E-14
      82      80  -8.5537652839987663E-14
      82      81   6.4447763189748338E-10
      82      82   3.4870563799286993E-09
      82      83  -7.0703435597456181E-10
      82      84  -1.7814192883299634E-13
      82      85  -1.9980069309956739E-13
      82      86   3.0834749887701860E-14
      82      87  -6.4704845515981677E-15
      82      88  -6.9880785355338253E-16
      82      89   3.1772796048459503E-17
      83      79   8.1991439206653366E-15
      83      80  -1.1096210267776265E-13
      83      81  -1.3151400427053536E-13
      83      82  -7.0703435597456181E-10
      83      83   3.4900220270784759E-09
      83      84   7.4604027702186002E-10
      83      85  -2.2170596220213593E-13
      83      86   2.3047454089428937E-13
      83      87   3.4091263309311960E-14
      83      88   7.2308874323839794E-15
      83      89  -7.1284505494861423E-16
      83      90  -2.8587255679208340E-17
      84      79   1.3012106348863977E-15
      84      80   1.6297352451723364E-14
      84      81   1.5885958724119264E-13
      84      82  -1.7814192883299634E-13
      84      83   7.4604027702186002E-10
      84      84   3.4903701632965055E-09
      84      85  -7.6489891755504463E-10
      84      86  -2.5813355036993791E-13
      84      87  -2.4790238944977895E-13
      84      88   3.3118881831658813E-14
      84      89  -6.8271553862650745E-15
      84      90  -5.7864385832001703E-16
      84      91  -1.7727302278189883E-17
      85      79  -1.5346294752873351E-16
      85      80  -2.9835998117096736E-15
      85      81   2.4380950311824771E-14
      85      82  -1.9980069309956739E-13
      85      83  -2.2170596220213593E-13
      85      84  -7.6489891755504463E-10
      85      85   3.4880919922123269E-09
      85      86   7.6499420534325605E-10
      85      87  -2.8350357784218329E-13
      85      88   2.4886910891438820E-13
      85      89   2.7850097360863895E-14
      85      90   5.2659071301591568E-15
      85      91   3.3248187120000036E-16
      86      80  -3.4990205440748470E-16
      86      81   4.8797290891438393E-15
      86      82   3.0834749887701860E-14
      86      83   2.3047454089428937E-13
      86      84  -2.5813355036993791E-13
      86      85   7.6499420534325605E-10
      86      86   3.4831775356948977E-09
      86      87  -7.4632447397883214E-10
      86      88  -2.9431622722571502E-13
      86      89  -2.2975041271375272E-13
      86      90   1.9375529703357757E-14
      86      91   2.9360674085478831E-15
      87      80   1.7887594409488612E-17
      87      81  -5.5640947728663383E-16
      87      82  -6.4704845515981677E-15
      87      83   3.4091263309311960E-14
      87      84  -2.4790238944977895E-13
      87      85  -2.8350357784218329E-13
      87      86  -7.4632447397883214E-10
      87      87   3.4756153802611824E-09
      87      88   7.0750080005071231E-10
      87      89  -2.8690722548720994E-13
      87      90   1.8708917785130971E-13
      87      91  -9.7745151117369189E-15
      88      81  -2.7190188741200800E-17
      88      82  -6.9880785355338253E-16
      88      83   7.2308874323839794E-15
      88      84   3.3118881831658813E-14
      88      85   2.4886910891438820E-13
      88      86  -2.9431622722571502E-13
      88      87   7.0750080005071231E-10
      88      88   3.4653913051280129E-09
      88      89  -6.4510809790462141E-10
      88      90  -2.5547253649505429E-13
      88      91   1.1886008207074720E-13
      89      82   3.1772796048459503E-17
      89      83  -7.1284505494861423E-16
      89      84  -6.8271553862650745E-15
      89      85   2.7850097360863895E-14
      89      86  -2.2975041271375272E-13
      89      87  -2.8690722548720994E-13
      89      88  -6.4510809790462141E-10
      89      89   3.4524852663616686E-09
      89      90   5.5157200979707207E-10
      89      91   1.8750504882865982E-13
      90      83  -2.8587255679208340E-17
      90      84  -5.7864385832001703E-16
      90      85   5.2659071301591568E-15
      90      86   1.9375529703357757E-14
      90      87   1.8708917785130971E-13
      90      88  -2.5547253649505429E-13
      90      89   5.5157200979707207E-10
      90      90   3.4368665722696125E-09
      90      91   4.0656257184737044E-10
      91      84  -1.7727302278189883E-17
      91      85   3.3248187120000036E-16
      91      86   2.9360674085478831E-15
      91      87  -9.7745151117369189E-15
      91      88   1.1886008207074720E-13
      91      89   1.8750504882865982E-13
      91      90   4.0656257184737044E-10
      91      91   3.4184875416207691E-09
      92      92   3.5305799579568096E-09
      92      93   4.1712303505224031E-10
      92      94  -4.9525952857467338E-14
      92      95   6.6345996210394395E-14
      92      96  -8.6505123792934005E-15
      92      97   1.3242660461982983E-15
      92      98   1.6797930223334398E-16
      92      99  -1.0717377805926256E-17
      93      92   4.1712303505224031E-10
      93      93   3.5426908376919166E-09
      93      94  -5.6830841901487997E-10
      93      95  -9.8096548128088932E-14
      93      96   1.2427704409597317E-13
      93      97   1.7356371681288893E-14
      93      98   3.1788742793400318E-15
      93      99  -4.0573402492318985E-16
      93     100  -2.4933210332068684E-17
      94      92  -4.9525952857467338E-14
      94      93  -5.6830841901487997E-10
      94      94   3.5522070328725831E-09
      94      95   6.6789166215229749E-10
      94      96   1.5115059763699544E-13
      94      97   1.8095518130925972E-13
      94      98  -2.6466959330770452E-14
      94      99   5.4630961215514503E-15
      94     100   6.8794363790667163E-16
      94     101  -4.0577007227401763E-17
      95      92   6.6345996210394395E-14
      95      93  -9.8096548128088932E-14
      95      94   6.6789166215229749E-10
      95      95   3.5591202382155285E-09
      95      96   7.3661346510011008E-10
      95      97  -2.0585922982976189E-13
      95      98   2.3186395116247961E-13
      95      99   3.4482875997432777E-14
      95     100   7.6729108044052755E-15
      95     101  -9.3345728647025005E-16
      95     102  -5.2385164847619357E-17
      96      92  -8.6505123792934005E-15
      96      93   1.2427704409597317E-13
      96      94   1.5115059763699544E-13
      96      95   7.3661346510011008E-10
      96      96   3.5634236371731601E-09
      96      97  -7.8229573443222065E-10
      96      98  -2.5896683671234255E-13
      96      99  -2.7330405580664051E-13
      96     100   3.9769125123145015E-14
      96     101  -9.2105784917325272E-15
      96     102  -1.0556886397811265E-15
      96     103   5.4154231145776275E-17
      97      92   1.3242660461982983E-15
      97      93   1.7356371681288893E-14
      97      94   1.8095518130925972E-13
      97      95  -2.0585922982976189E-13
      97      96  -7.8229573443222065E-10
      97      97   3.5651100659072803E-09
      97      98   8.0860856458057412E-10
      97      99  -3.0674167437282773E-13
      97     100   3.0213532246941842E-13
      97     101   4.0986065133892635E-14
      97     102   9.5758577302651233E-15
      97     103  -9.9890881445595410E-16
      97     104  -4.4590658758203019E-17
      98      92   1.6797930223334398E-16
      98      93   3.1788742793400318E-15
      98      94  -2.6466959330770452E-14
      98      95   2.3186395116247961E-13
      98      96  -2.5896683671234255E-13
      98      97   8.0860856458057412E-10
      98      98   3.5641711742034640E-09
      98      99  -8.1727780391610982E-10
      98     100  -3.4530244794367000E-13
      98     101  -3.1519387571445828E-13
      98     102   3.7544589282426231E-14
      98     103  -8.5501267729200788E-15
      98     104  -7.6517860420636569E-16
      98     105  -2.5734703229454190E-17
      99      92  -1.0717377805926256E-17
      99      93  -4.0573402492318985E-16
      99      94   5.4630961215514503E-15
      99      95   3.4482875997432777E-14
      99      96  -2.7330405580664051E-13
      99      97  -3.0674167437282773E-13
      99      98  -8.1727780391610982E-10
      99      99   3.5605972589057477E-09
      99     100   8.0881654738416254E-10
      99     101  -3.7099561060086271E-13
      99     102   3.0887404809175687E-13
      99     103   2.9930119870654720E-14
      99     104   6.3019704835013150E-15
      99     105   4.1969551104206737E-16
     100      93  -2.4933210332068684E-17
     100      94   6.8794363790667163E-16
     100      95   7.6729108044052755E-15
     100      96   3.9769125123145015E-14
     100      97   3.0213532246941842E-13
     100      98  -3.4530244794367000E-13
     100      99   8.0881654738416254E-10
     100     100   3.5543771555408745E-09
     100     101  -7.8270908459023017E-10
     100     102  -3.8027027185291382E-13
     100     103  -2.7926069515803933E-13
     100     104   1.9749004336937153E-14
     100     105   3.3805525864975041E-15
     101      94  -4.0577007227401763E-17
     101      95  -9.3345728647025005E-16
     101      96  -9.2105784917325272E-15
     101      97   4.0986065133892635E-14
     101      98  -3.1519387571445828E-13
     101      99  -3.7099561060086271E-13
     101     100  -7.8270908459023017E-10
     101     101   3.5454974502773729E-09
     101     102   7.3722392087574124E-10
     101     103  -3.6854311970186864E-13
     101     104   2.2304985510545071E-13
     101     105  -9.3996367510635001E-15
     102      95  -5.2385164847619357E-17
     102      96  -1.0556886397811265E-15
     102      97   9.5758577302651233E-15
     102      98   3.7544589282426231E-14
     102      99   3.0887404809175687E-13
     102     100  -3.8027027185291382E-13
     102     101   7.3722392087574124E-10
     102     102   3.5339403943322602E-09
     102     103  -6.6867673563746389E-10
     102     104  -3.2761487387430447E-13
     102     105   1.3907050233367343E-13
     103      96   5.4154231145776275E-17
     103      97  -9.9890881445595410E-16
     103      98  -8.5501267729200788E-15
     103      99   2.9930119870654720E-14
     103     100  -2.7926069515803933E-13
     103     101  -3.6854311970186864E-13
     103     102  -6.6867673563746389E-10
     103     103   3.5196802082146753E-09
     103     104   5.6921035734126780E-10
     103     105   2.4029382605943102E-13
     104      97  -4.4590658758203019E-17
     104      98  -7.6517860420636569E-16
     104      99   6.3019704835013150E-15
     104     100   1.9749004336937153E-14
     104     101   2.2304985510545071E-13
     104     102  -3.2761487387430447E-13
     104     103   5.6921035734126780E-10
     104     104   3.5026778461375251E-09
     104     105   4.1799113630631610E-10
     105      98  -2.5734703229454190E-17
     105      99   4.1969551104206737E-16
     105     100   3.3805525864975041E-15
     105     101  -9.3996367510635001E-15
     105     102   1.3907050233367343E-13
     105     103   2.4029382605943102E-13
     105     104   4.1799113630631610E-10
     105     105   3.4828747497309738E-09
     106     106   3.5959876338386049E-09
     106     107   4.2732499158843067E-10
     106     108   5.5518998137913040E-14
     106     109   7.2061890095956951E-14
     106     110  -9.1024261457788153E-15
     106     111   1.3057482610564840E-15
     106     112   1.7555716654461433E-16
     106     113  -1.3054221593858854E-17
     107     106   4.2732499158843067E-10
     107     107   3.6094320492706983E-09
     107     108   5.8412720249281596E-10
     107     109  -1.1069341335493704E-13
     107     110   1.3677529227978820E-13
     107     111   1.8313109855163514E-14
     107     112   3.2706016634348917E-15
     107     113  -4.4813328458367949E-16
     107     114  -3.1728460493765697E-17
     108     106   5.5518998137913040E-14
     108     107   5.8412720249281596E-10
     108     108   3.6202841476441734E-09
     108     109  -6.8908890413045495E-10
     108     110  -1.7115654597583165E-13
     108     111  -2.0204874868984839E-13
     108     112   2.8250580642856824E-14
     108     113  -5.8725521032397917E-15
     108     114  -8.0329705461825334E-16
     108     115  -5.4972959854951492E-17
     109     106   7.2061890095956951E-14
     109     107  -1.1069341335493704E-13
     109     108  -6.8908890413045495E-10
     109     109   3.6285340081555882E-09
     109     110   7.6337184924753168E-10
     109     111  -2.3409525156315882E-13
     109     112   2.6298156633919215E-13
     109     113   3.7582570615266977E-14
     109     114   8.6570839520311898E-15
     109     115   1.1604902711661478E-15
     109     116  -7.6074513251955032E-17
     110     106  -9.1024261457788153E-15
     110     107   1.3677529227978820E-13
     110     108  -1.7115654597583165E-13
     110     109   7.6337184924753168E-10
     110     110   3.6341742819251985E-09
     110     111  -8.1501961231693379E-10
     110     112  -2.9664965967977724E-13
     110     113  -3.1546417672226863E-13
     110     114   4.4710684034835987E-14
     110     115   1.0998511300681527E-14
     110     116  -1.4175615926745020E-15
     110     117  -8.7206495240788001E-17
     111     106   1.3057482610564840E-15
     111     107   1.8313109855163514E-14
     111     108  -2.0204874868984839E-13
     111     109  -2.3409525156315882E-13
     111     110  -8.1501961231693379E-10
     111     111   3.6371980055772045E-09
     111     112   8.4789998075006965E-10
     111     113  -3.5553772650312320E-13
     111     114   3.5611305153369138E-13
     111     115  -4.8117269701398073E-14
     111     116   1.2275059775395784E-14
     111     117   1.4852753648207738E-15
     111     118  -8.3076810548167752E-17
     112     106   1.7555716654461433E-16
     112     107   3.2706016634348917E-15
     112     108   2.8250580642856824E-14
     112     109   2.6298156633919215E-13
     112     110  -2.9664965967977724E-13
     112     111   8.4789998075006965E-10
     112     112   3.6375973222019068E-09
     112     113  -8.6397485731079499E-10
     112     114  -4.0712709774122011E-13
