#    row  column                    value
       1       1  -1.0033078093274263E+01
       2       2  -8.8441851009710717E+01
       2       3  -2.7197979493514107E-01
       3       2  -2.7197979493514107E-01
       3       3   6.7570442095627840E+01
       4       4  -1.6683978462286575E+02
       4       5   3.8083721931068304E-01
       4       6   3.5347581429018550E-06
       5       4   3.8083721931068304E-01
       5       5  -1.0832976326930361E+01
       5       6  -3.8087340923072993E-01
       6       4   3.5347581429018550E-06
       6       5  -3.8087340923072993E-01
       6       6   1.4518451452322495E+02
       7       7  -2.4522687195452085E+02
       7       8  -4.6173278003174478E-01
       7       9   7.6162340494945776E-06
       7      10  -6.8694648872402196E-06
       8       7  -4.6173278003174478E-01
       8       8  -8.9225548905132058E+01
       8       9   5.3331518771012276E-01
       8      10   9.3739244302849690E-06
       9       7   7.6162340494945776E-06
       9       8   5.3331518771012276E-01
       9       9   6.6786464809059822E+01
       9      10  -4.6182381470405787E-01
      10       7  -6.8694648872402196E-06
      10       8   9.3739244302849690E-06
      10       9  -4.6182381470405787E-01
      10      10   2.2280917136452439E+02
      11      11  -3.2360310226789818E+02
      11      12  -5.2769317630610335E-01
      11      13   1.2460819861108295E-05
      11      14  -1.5210640333778468E-05
      11      15  -2.6682579090755075E-06
      12      11  -5.2769317630610335E-01
      12      12  -1.6760726389823049E+02
      12      13   6.4660052364785991E-01
      12      14   2.0643651141482522E-05
      12      15   1.6601537261486550E-05
      13      11   1.2460819861108295E-05
      13      12   6.4660052364785991E-01
      13      13  -1.1600733368526372E+01
      13      14  -6.4666548596913387E-01
      13      15   1.8441395057717054E-05
      14      11  -1.5210640333778468E-05
      14      12   2.0643651141482522E-05
      14      13  -6.4666548596913387E-01
      14      14   1.4441650533378152E+02
      14      15   5.2785612044523844E-01
      15      11  -2.6682579090755075E-06
      15      12   1.6601537261486550E-05
      15      13   1.8441395057717054E-05
      15      14   5.2785612044523844E-01
      15      15   3.0044445103770676E+02
      16      16  -4.0196846318937287E+02
      16      17  -5.8380840765560937E-01
      16      18   1.8129457141668773E-05
      16      19  -2.5798489502510404E-05
      16      20  -5.0827961379126650E-06
      16      21  -3.6017135575151592E-07
      17      16  -5.8380840765560937E-01
      17      17  -2.4597810982097312E+02
      17      18   7.3897121342588101E-01
      17      19   3.3993056767462975E-05
      17      20   3.5005945404039994E-05
      17      21  -5.4550131654364495E-06
      18      16   1.8129457141668773E-05
      18      17   7.3897121342588101E-01
      18      18  -8.9977064956258928E+01
      18      19  -7.8402911220711680E-01
      18      20   4.0340361888028106E-05
      18      21  -3.0629308972396903E-05
      19      16  -2.5798489502510404E-05
      19      17   3.3993056767462975E-05
      19      18  -7.8402911220711680E-01
      19      19   6.6034695600708702E+01
      19      20   7.3912517867987682E-01
      19      21   3.1802083956517382E-05
      20      16  -5.0827961379126650E-06
      20      17   3.5005945404039994E-05
      20      18   4.0340361888028106E-05
      20      19   7.3912517867987682E-01
      20      20   2.2205718276706489E+02
      20      21  -5.8406111101827329E-01
      21      16  -3.6017135575151592E-07
      21      17  -5.4550131654364495E-06
      21      18  -3.0629308972396903E-05
      21      19   3.1802083956517382E-05
      21      20  -5.8406111101827329E-01
      21      21   3.7809039752252687E+02
      22      22  -4.8032294224010730E+02
      22      23  -6.3270784183447148E-01
      22      24  -2.4804134611504616E-05
      22      25  -3.8199203497394762E-05
      22      26   7.4811786234191251E-06
      22      27  -7.4944290820774190E-07
      22      28  -2.6857766098076581E-08
      23      22  -6.3270784183447148E-01
      23      23  -3.2433807577180147E+02
      23      24  -8.1755477447571090E-01
      23      25   4.9058011088445046E-05
      23      26  -5.7396655144635696E-05
      23      27  -1.0449517306570123E-05
      23      28  -8.4114826606781763E-07
      24      22  -2.4804134611504616E-05
      24      23  -8.1755477447571090E-01
      24      24  -1.6834251770775342E+02
      24      25   8.9603309895189276E-01
      24      26   6.6136788967296000E-05
      24      27   6.2404440267925193E-05
      24      28  -8.5426532904522683E-06
      25      22  -3.8199203497394762E-05
      25      23   4.9058011088445046E-05
      25      24   8.9603309895189276E-01
      25      25  -1.2336240894158246E+01
      25      26  -8.9612813029486915E-01
      25      27   6.8011826999124478E-05
      25      28  -4.9189238433240599E-05
      26      22   7.4811786234191251E-06
      26      23  -5.7396655144635696E-05
      26      24   6.6136788967296000E-05
      26      25  -8.9612813029486915E-01
      26      26   1.4368077424316405E+02
      26      27   8.1782142115808909E-01
      26      28   5.0881128141475834E-05
      27      22  -7.4944290820774190E-07
      27      23  -1.0449517306570123E-05
      27      24   6.2404440267925193E-05
      27      25   6.8011826999124478E-05
      27      26   8.1782142115808909E-01
      27      27   2.9970853823286473E+02
      27      28  -6.3306995557202650E-01
      28      22  -2.6857766098076581E-08
      28      23  -8.4114826606781763E-07
      28      24  -8.5426532904522683E-06
      28      25  -4.9189238433240599E-05
      28      26   5.0881128141475834E-05
      28      27  -6.3306995557202650E-01
      28      28   4.5574705946111612E+02
      29      29  -5.5866652792284640E+02
      29      30   6.7596237034835627E-01
      29      31   3.2667005487590428E-05
      29      32  -5.1904852293018729E-05
      29      33  -9.7020410029962182E-06
      29      34  -1.1783720561187090E-06
      29      35   6.4986494606936736E-08
      29      36  -2.1489926557872547E-09
      30      29   6.7596237034835627E-01
      30      30  -4.0268715188248444E+02
      30      31  -8.8603306820539685E-01
      30      32  -6.5811153646380487E-05
      30      33  -8.2986282852724906E-05
      30      34   1.5468870121150274E-05
      30      35  -1.7531994278472156E-06
      30      36  -7.4438739478922727E-08
      31      29   3.2667005487590428E-05
      31      30  -8.8603306820539685E-01
      31      31  -2.4669708181037606E+02
      31      32  -9.9131934071703010E-01
      31      33   9.4765225446759993E-05
      31      34  -9.9709963945812010E-05
      31      35  -1.6463026360016483E-05
      31      36  -1.4826388125393755E-06
      32      29  -5.1904852293018729E-05
      32      30  -6.5811153646380487E-05
      32      31  -9.9131934071703010E-01
      32      32  -9.0696291558145305E+01
      32      33   1.0241456288339659E+00
      32      34   1.1018333928199421E-04
      32      35   9.7775111835487463E-05
      32      36  -1.1665719585454283E-05
      33      29  -9.7020410029962182E-06
      33      30  -8.2986282852724906E-05
      33      31   9.4765225446759993E-05
      33      32   1.0241456288339659E+00
      33      33   6.5315243333171011E+01
      33      34  -9.9153737950022780E-01
      33      35   1.0549655519264139E-04
      33      36  -7.2296693346411359E-05
      34      29  -1.1783720561187090E-06
      34      30   1.5468870121150274E-05
      34      31  -9.9709963945812010E-05
      34      32   1.1018333928199421E-04
      34      33  -9.9153737950022780E-01
      34      34   2.2133754085125332E+02
      34      35   8.8643751892458600E-01
      34      36   7.7366486251151314E-05
      35      29   6.4986494606936736E-08
      35      30  -1.7531994278472156E-06
      35      31  -1.6463026360016483E-05
      35      32   9.7775111835487463E-05
      35      33   1.0549655519264139E-04
      35      34   8.8643751892458600E-01
      35      35   3.7737061570006949E+02
      35      36  -6.7645565942817065E-01
      36      29  -2.1489926557872547E-09
      36      30  -7.4438739478922727E-08
      36      31  -1.4826388125393755E-06
      36      32  -1.1665719585454283E-05
      36      33  -7.2296693346411359E-05
      36      34   7.7366486251151314E-05
      36      35  -6.7645565942817065E-01
      36      36   5.3341448913896977E+02
      37      37  -6.3699921046554118E+02
      37      38  -7.1459963764256784E-01
      37      39   4.1821472589800841E-05
      37      40  -6.6402761665978530E-05
      37      41  -1.1655818284871783E-05
      37      42  -1.6032478894625932E-06
      37      43  -1.1393656397812358E-07
      37      44  -1.2354327535354152E-09
      37      45  -2.1201986113052786E-09
      38      37  -7.1459963764256784E-01
      38      38  -4.8102532973672146E+02
      38      39   9.4660583347442584E-01
      38      40   8.4351734041617629E-05
      38      41   1.1086822661838544E-04
      38      42  -2.0173024755586356E-05
      38      43  -2.7689215429075779E-06
      38      44   1.7390582730865680E-07
      38      45  -7.2984028345081506E-10
      39      37   4.1821472589800841E-05
      39      38   9.4660583347442584E-01
      39      39  -3.2504074963678977E+02
      39      40  -1.0743518871044191E+00
      39      41   1.2574374824314647E-04
      39      42  -1.4138951535074467E-04
      39      43   2.4520684085933244E-05
      39      44  -3.1021891403893519E-06
      39      45  -1.4792926700118499E-07
      40      37  -6.6402761665978530E-05
      40      38   8.4351734041617629E-05
      40      39  -1.0743518871044191E+00
      40      40  -1.6904544751120545E+02
      40      41   1.1330547087990925E+00
      40      42   1.5642353180986932E-04
      40      43  -1.5315781285286557E-04
      40      44  -2.2624548755074725E-05
      40      45  -2.2611041519953897E-06
      41      37  -1.1655818284871783E-05
      41      38   1.1086822661838544E-04
      41      39   1.2574374824314647E-04
      41      40   1.1330547087990925E+00
      41      41  -1.3039397488897187E+01
      41      42  -1.1331815999440185E+00
      41      43  -1.6803843954187964E-04
      41      44  -1.4113405038076256E-04
      41      45   1.4571355650029377E-05
      42      37  -1.6032478894625932E-06
      42      38  -2.0173024755586356E-05
      42      39  -1.4138951535074467E-04
      42      40   1.5642353180986932E-04
      42      41  -1.1331815999440185E+00
      42      42   1.4297742345875596E+02
      42      43  -1.0747214657953132E+00
      42      44   1.5504199901910892E-04
      42      45  -9.9777831322425724E-05
      43      37  -1.1393656397812358E-07
      43      38  -2.7689215429075779E-06
      43      39   2.4520684085933244E-05
      43      40  -1.5315781285286557E-04
      43      41  -1.6803843954187964E-04
      43      42  -1.0747214657953132E+00
      43      43   2.9900503525336649E+02
      43      44   9.4717538197984219E-01
      43      45   1.1310672088955947E-04
      44      37  -1.2354327535354152E-09
      44      38   1.7390582730865680E-07
      44      39  -3.1021891403893519E-06
      44      40  -2.2624548755074725E-05
      44      41  -1.4113405038076256E-04
      44      42   1.5504199901910892E-04
      44      43   9.4717538197984219E-01
      44      44   4.5504346130629364E+02
      44      45  -7.1524777548189011E-01
      45      37  -2.1201986113052786E-09
      45      38  -7.2984028345081506E-10
      45      39  -1.4792926700118499E-07
      45      40  -2.2611041519953897E-06
      45      41   1.4571355650029377E-05
      45      42  -9.9777831322425724E-05
      45      43   1.1310672088955947E-04
      45      44  -7.1524777548189011E-01
      45      45   6.1109274141071046E+02
      46      46  -7.1532098229519897E+02
      46      47  -7.4933500447712087E-01
      46      48  -5.2249762739925657E-05
      46      49  -8.1215421728755353E-05
      46      50   1.3315365690877833E-05
      46      51  -1.9874135202330782E-06
      46      52  -1.6869463443202620E-07
      46      53   1.7037814676906505E-09
      46      54  -3.6692016356096160E-09
      46      55  -1.1130636003536716E-09
      47      46  -7.4933500447712087E-01
      47      47  -5.5935260269424759E+02
      47      48  -1.0007121641891024E+00
      47      49   1.0475538871455803E-04
      47      50  -1.4013438676715507E-04
      47      51  -2.4362172068216143E-05
      47      52  -3.7892023249898008E-06
      47      53   2.9995585018934328E-07
      47      54   3.6494856835127595E-09
      47      55  -3.7627629325156609E-09
      48      46  -5.2249762739925657E-05
      48      47  -1.0007121641891024E+00
      48      48  -4.0337351558850440E+02
      48      49   1.1477978249264347E+00
      48      50   1.5890567170897911E-04
      48      51   1.8615897393662443E-04
      48      52  -3.2168253757428516E-05
      48      53   4.9256891043668360E-06
      48      54   3.4057792835220837E-07
      48      55   3.9947070266473286E-09
      49      46  -8.1215421728755353E-05
      49      47   1.0475538871455803E-04
      49      48   1.1477978249264347E+00
      49      49  -2.4738370296136975E+02
      49      50  -1.2279572857771366E+00
      49      51   2.0563434397313701E-04
      49      52  -2.1378053342503602E-04
      49      53  -3.3913769179371325E-05
      49      54  -4.7530362886470277E-06
      49      55  -2.4780908220279144E-07
      50      46   1.3315365690877833E-05
      50      47  -1.4013438676715507E-04
      50      48   1.5890567170897911E-04
      50      49  -1.2279572857771366E+00
      50      50  -9.1383140274090493E+01
      50      51   1.2536824434836045E+00
      50      52   2.3581232974161919E-04
      50      53   2.1772452279106489E-04
      50      54  -2.8450081483782402E-05
      50      55  -3.1440747054318396E-06
      51      46  -1.9874135202330782E-06
      51      47  -2.4362172068216143E-05
      51      48   1.8615897393662443E-04
      51      49   2.0563434397313701E-04
      51      50   1.2536824434836045E+00
      51      51   6.4628197990883109E+01
      51      52  -1.2282423057360063E+00
      51      53   2.4210702316007572E-04
      51      54  -1.9219826990639227E-04
      51      55   1.7035950614084827E-05
      52      46  -1.6869463443202620E-07
      52      47  -3.7892023249898008E-06
      52      48  -3.2168253757428516E-05
      52      49  -2.1378053342503602E-04
      52      50   2.3581232974161919E-04
      52      51  -1.2282423057360063E+00
      52      52   2.2065033567945090E+02
      52      53   1.1483492036614655E+00
      52      54   2.1916858734108945E-04
      52      55  -1.3128987661810117E-04
      53      46   1.7037814676906505E-09
      53      47   2.9995585018934328E-07
      53      48   4.9256891043668360E-06
      53      49  -3.3913769179371325E-05
      53      50   2.1772452279106489E-04
      53      51   2.4210702316007572E-04
      53      52   1.1483492036614655E+00
      53      53   3.7668329835085524E+02
      53      54  -1.0014763000400089E+00
      53      55  -1.6000952430775267E-04
      54      46  -3.6692016356096160E-09
      54      47   3.6494856835127595E-09
      54      48   3.4057792835220837E-07
      54      49  -4.7530362886470277E-06
      54      50  -2.8450081483782402E-05
      54      51  -1.9219826990639227E-04
      54      52   2.1916858734108945E-04
      54      53  -1.0014763000400089E+00
      54      54   5.3272712269799479E+02
      54      55  -7.5016295939913513E-01
      55      46  -1.1130636003536716E-09
      55      47  -3.7627629325156609E-09
      55      48   3.9947070266473286E-09
      55      49  -2.4780908220279144E-07
      55      50  -3.1440747054318396E-06
      55      51   1.7035950614084827E-05
      55      52  -1.3128987661810117E-04
      55      53  -1.6000952430775267E-04
      55      54  -7.5016295939913513E-01
      55      55   6.8878187261336234E+02
      56      56  -7.9363183829778654E+02
      56      57  -7.8068942353349657E-01
      56      58   6.3799483159002502E-05
      56      59  -9.5925657351358704E-05
      56      60  -1.4699769485159657E-05
      56      61  -2.3042678602750248E-06
      56      62   2.2338339198244982E-07
      56      63   6.1257528950427458E-09
      56      64  -3.8978959206339380E-09
      56      65   2.3435871883976120E-09
      56      66   6.5305847793880505E-10
      57      56  -7.8068942353349657E-01
      57      57  -6.3766896610302570E+02
      57      58   1.0493538986668034E+00
      57      59   1.2698353323843686E-04
      57      60   1.6993289344011722E-04
      57      61  -2.7959209131483362E-05
      57      62   4.7301000905191007E-06
      57      63   4.4126053097526218E-07
      57      64   1.1534067951923144E-08
      57      65   5.5142233112436980E-09
      57      66   2.5009254941484848E-09
      58      56   6.3799483159002502E-05
      58      57   1.0493538986668034E+00
      58      58  -4.8169537599440076E+02
      58      59  -1.2134020724862189E+00
      58      60   1.9418352893645430E-04
      58      61  -2.3274835962638018E-04
      58      62  -3.9064437281330534E-05
      58      63  -6.7830891563494582E-06
      58      64  -5.8509305881510143E-07
      58      65   1.4507667475840481E-08
      58      66  -3.9013544810758250E-09
      59      56  -9.5925657351358704E-05
      59      57   1.2698353323843686E-04
      59      58  -1.2134020724862189E+00
      59      59  -3.2571105467511137E+02
      59      60   1.3119015414524910E+00
      59      61   2.5723813610314088E-04
      59      62   2.7799562161990725E-04
      59      63  -4.4768451216682225E-05
      59      64  -7.5895466685028930E-06
      59      65   5.6727620027879466E-07
      59      66   1.1999977244842196E-08
      60      56  -1.4699769485159657E-05
      60      57   1.6993289344011722E-04
      60      58   1.9418352893645430E-04
      60      59   1.3119015414524910E+00
      60      60  -1.6971598076756371E+02
      60      61  -1.3586846714418981E+00
      60      62   3.0704568425322123E-04
      60      63  -3.0005727127372105E-04
      60      64   4.2930882866313311E-05
      60      65  -6.6432905763615129E-06
      60      66  -3.7188240958603099E-07
      61      56  -2.3042678602750248E-06
      61      57  -2.7959209131483362E-05
      61      58  -2.3274835962638018E-04
      61      59   2.5723813610314088E-04
      61      60  -1.3586846714418981E+00
      61      61  -1.3710128628780129E+01
      61      62   1.3588452894281748E+00
      61      63   3.3524236058296840E-04
      61      64  -2.9302465924869358E-04
      61      65  -3.3501281018671295E-05
      61      66  -4.0949113439861231E-06
      62      56   2.2338339198244982E-07
      62      57   4.7301000905191007E-06
      62      58  -3.9064437281330534E-05
      62      59   2.7799562161990725E-04
      62      60   3.0704568425322123E-04
      62      61   1.3588452894281748E+00
      62      62   1.4230652795298670E+02
      62      63  -1.3123769458917698E+00
      62      64  -3.3515282075950834E-04
      62      65  -2.5040886254840800E-04
      62      66   1.8871453059448074E-05
      63      56   6.1257528950427458E-09
      63      57   4.4126053097526218E-07
      63      58  -6.7830891563494582E-06
      63      59  -4.4768451216682225E-05
      63      60  -3.0005727127372105E-04
      63      61   3.3524236058296840E-04
      63      62  -1.3123769458917698E+00
      63      63   2.9833401640350581E+02
      63      64  -1.2141675535879835E+00
      63      65   3.0053354589928022E-04
      63      66  -1.6634093060490237E-04
      64      56  -3.8978959206339380E-09
      64      57   1.1534067951923144E-08
      64      58  -5.8509305881510143E-07
      64      59  -7.5895466685028930E-06
      64      60   4.2930882866313311E-05
      64      61  -2.9302465924869358E-04
      64      62  -3.3515282075950834E-04
      64      63  -1.2141675535879835E+00
      64      64   4.5437237169246782E+02
      64      65   1.0503437948887977E+00
      64      66   2.1994571416856623E-04
      65      56   2.3435871883976120E-09
      65      57   5.5142233112436980E-09
      65      58   1.4507667475840481E-08
      65      59   5.6727620027879466E-07
      65      60  -6.6432905763615129E-06
      65      61  -3.3501281018671295E-05
      65      62  -2.5040886254840800E-04
      65      63   3.0053354589928022E-04
      65      64   1.0503437948887977E+00
      65      65   6.1042164836284621E+02
      65      66  -7.8172252182860369E-01
      66      56   6.5305847793880505E-10
      66      57   2.5009254941484848E-09
      66      58  -3.9013544810758250E-09
      66      59   1.1999977244842196E-08
      66      60  -3.7188240958603099E-07
      66      61  -4.0949113439861231E-06
      66      62   1.8871453059448074E-05
      66      63  -1.6634093060490237E-04
      66      64   2.1994571416856623E-04
      66      65  -7.8172252182860369E-01
      66      66   7.6648193949560505E+02
      67      67  -8.7193177590859409E+02
      67      68  -8.0905541881139420E-01
      67      69   7.6189833333030170E-05
      67      70  -1.1019283396369575E-04
      67      71   1.5859509944439843E-05
      67      72  -2.5366617574107778E-06
      67      73  -2.7389214660209768E-07
      67      74   1.1074713473730566E-08
      67      75  -3.8501374522545458E-09
      67      76   2.6166485099563458E-09
      67      77   1.4033954207158065E-09
      67      78  -2.5134248448676155E-11
      68      67  -8.0905541881139420E-01
      68      68  -7.1597441740893339E+02
      68      69   1.0932606452320315E+00
      68      70   1.5083552376190471E-04
      68      71  -1.9950975091950521E-04
      68      72  -3.0983976957013577E-05
      68      73  -5.5267181909042103E-06
      68      74   5.8531808321861442E-07
      68      75   2.2864048942557833E-08
      68      76   6.9900620398250862E-09
      68      77   3.4568363466738244E-09
      68      78   1.5142009902426140E-09
      69      67   7.6189833333030170E-05
      69      68   1.0932606452320315E+00
      69      69  -5.6000632905131420E+02
      69      70  -1.2723794566293249E+00
      69      71  -2.3146579122788796E-04
      69      72  -2.7996879892118411E-04
      69      73   4.5058959173808035E-05
      69      74  -8.5254115748934465E-06
      69      75  -8.6057891074588759E-07
      69      76   3.2473559139789327E-08
      69      77  -6.9589789987872825E-09
      69      78  -2.8408292122153729E-09
      70      67  -1.1019283396369575E-04
      70      68   1.5083552376190471E-04
      70      69  -1.2723794566293249E+00
      70      70  -4.0402750158696108E+02
      70      71  -1.3868817917751513E+00
      70      72   3.1091655220371310E-04
      70      73  -3.4421680671705194E-04
      70      74  -5.4688100668527268E-05
      70      75  -1.0517634499404861E-05
      70      76   9.7420715394896630E-07
      70      77   3.2736184962487418E-08
      70      78  -3.6007407487417751E-09
      71      67   1.5859509944439843E-05
      71      68  -1.9950975091950521E-04
      71      69  -2.3146579122788796E-04
      71      70  -1.3868817917751513E+00
      71      71  -2.4803791769774136E+02
      71      72   1.4515607436447908E+00
      71      73   3.8066604634067082E-04
      71      74   3.8612331352758924E-04
      71      75  -5.7043337259270142E-05
      71      76   1.0666958627035817E-05
      71      77   8.5234505619248193E-07
      71      78   2.2666403678815028E-08
      72      67  -2.5366617574107778E-06
      72      68  -3.0983976957013577E-05
      72      69  -2.7996879892118411E-04
      72      70   3.1091655220371310E-04
      72      71   1.4515607436447908E+00
      72      72  -9.2037553520015209E+01
      72      73  -1.4726485295301117E+00
      72      74   4.3204832629770655E-04
      72      75  -3.9972302379216550E-04
      72      76  -5.0913762337232259E-05
      72      77  -8.6966800706661237E-06
      72      78  -5.1867696844004219E-07
      73      67  -2.7389214660209768E-07
      73      68  -5.5267181909042103E-06
      73      69   4.5058959173808035E-05
      73      70  -3.4421680671705194E-04
      73      71   3.8066604634067082E-04
      73      72  -1.4726485295301117E+00
      73      73   6.3973617827254358E+01
      73      74   1.4519158558927385E+00
      73      75   4.5743355952222232E-04
      73      76   3.7832562423618297E-04
      73      77  -3.7403893116302981E-05
      73      78  -5.0733879417546604E-06
      74      67   1.1074713473730566E-08
      74      68   5.8531808321861442E-07
      74      69  -8.5254115748934465E-06
      74      70  -5.4688100668527268E-05
      74      71   3.8612331352758924E-04
      74      72   4.3204832629770655E-04
      74      73   1.4519158558927385E+00
      74      74   2.1999562500613575E+02
      74      75  -1.3875814718350341E+00
      74      76   4.5015057406503457E-04
      74      77  -3.1495810074244575E-04
      74      78   1.9929680001206394E-05
      75      67  -3.8501374522545458E-09
      75      68   2.2864048942557833E-08
      75      69  -8.6057891074588759E-07
      75      70  -1.0517634499404861E-05
      75      71  -5.7043337259270142E-05
      75      72  -3.9972302379216550E-04
      75      73   4.5743355952222232E-04
      75      74  -1.3875814718350341E+00
      75      75   3.7602850203131993E+02
      75      76   1.2733930861124862E+00
      75      77   4.0179317845019175E-04
      75      78  -2.0431173944598685E-04
      76      67   2.6166485099563458E-09
      76      68   6.9900620398250862E-09
      76      69   3.2473559139789327E-08
      76      70   9.7420715394896630E-07
      76      71   1.0666958627035817E-05
      76      72  -5.0913762337232259E-05
      76      73   3.7832562423618297E-04
      76      74   4.5015057406503457E-04
      76      75   1.2733930861124862E+00
      76      76   5.3207229708117825E+02
      76      77  -1.0945082244237347E+00
      76      78  -2.9465679392218154E-04
      77      67   1.4033954207158065E-09
      77      68   3.4568363466738244E-09
      77      69  -6.9589789987872825E-09
      77      70   3.2736184962487418E-08
      77      71   8.5234505619248193E-07
      77      72  -8.6966800706661237E-06
      77      73  -3.7403893116302981E-05
      77      74  -3.1495810074244575E-04
      77      75   4.0179317845019175E-04
      77      76  -1.0945082244237347E+00
      77      77   6.8812708695650520E+02
      77      78  -8.1031817157250408E-01
      78      67  -2.5134248448676155E-11
      78      68   1.5142009902426140E-09
      78      69  -2.8408292122153729E-09
      78      70  -3.6007407487417751E-09
      78      71   2.2666403678815028E-08
      78      72  -5.1867696844004219E-07
      78      73  -5.0733879417546604E-06
      78      74   1.9929680001206394E-05
      78      75  -2.0431173944598685E-04
      78      76  -2.9465679392218154E-04
      78      77  -8.1031817157250408E-01
      78      78   8.4419299818340255E+02
      79      79  -9.5022079507029457E+02
      79      80  -8.3473666935763868E-01
      79      81   8.9033563953537758E-05
      79      82  -1.2376200302781099E-04
      79      83  -1.6864741617862542E-05
      79      84  -2.6764274380339746E-06
      79      85   3.1561346092751136E-07
      79      86   1.6610856619754356E-08
      79      87   3.5954660318193909E-09
      79      88   2.5806695349424994E-09
      79      89  -1.5965229398886208E-09
      79      90  -7.3726257715685493E-10
      79      91   1.1016324041634471E-10
      80      79  -8.3473666935763868E-01
      80      80  -7.9426895617950379E+02
      80      81   1.1329821383003358E+00
      80      82   1.7594090501131610E-04
      80      83   2.2823601823667084E-04
      80      84  -3.3521752647924297E-05
      80      85   6.1369196107691917E-06
      80      86   7.1964102547730181E-07
      80      87  -3.6815031770196480E-08
      80      88   7.1353362343966857E-09
      80      89  -4.9661816081819400E-09
      80      90  -2.0888521361826511E-09
      80      91  -7.4158183889754367E-10
      81      79   8.9033563953537758E-05
      81      80   1.1329821383003358E+00
      81      81  -6.3830637477219716E+02
      81      82  -1.3256147613505775E+00
      81      83   2.7050880890872123E-04
      81      84  -3.2675550243872514E-04
      81      85  -5.0148721266575594E-05
      81      86  -1.0037032829398860E-05
      81      87   1.1444527367519868E-06
      81      88   5.5935512543528173E-08
      81      89   8.2048265329001202E-09
      81      90   5.0787057537711346E-09
      81      91   1.8377476972878705E-09
      82      79  -1.2376200302781099E-04
      82      80   1.7594090501131610E-04
      82      81  -1.3256147613505775E+00
      82      82  -4.8233304448637307E+02
      82      83   1.4542865922375146E+00
      82      84   3.6641693845528169E-04
      82      85   4.1096655234885602E-04
      82      86  -6.3423445026408810E-05
      82      87   1.3309034897373598E-05
      82      88   1.4373345450628226E-06
      82      89  -6.5373954088234303E-08
      82      90   6.7070636713438006E-09
      82      91   2.8077765479143064E-09
      83      79  -1.6864741617862542E-05
      83      80   2.2823601823667084E-04
      83      81   2.7050880890872123E-04
      83      82   1.4542865922375146E+00
      83      83  -3.2634895215595918E+02
      83      84  -1.5345171885431781E+00
      83      85   4.5602302753608052E-04
      83      86  -4.7405900552984609E-04
      83      87  -7.0121671521235145E-05
      83      88  -1.4873086673305507E-05
      83      89   1.4662575242537744E-06
      83      90   5.8755444973427285E-08
      83      91  -2.8526288415768132E-09
      84      79  -2.6764274380339746E-06
      84      80  -3.3521752647924297E-05
      84      81  -3.2675550243872514E-04
      84      82   3.6641693845528169E-04
      84      83  -1.5345171885431781E+00
      84      84  -1.7035407702181300E+02
      84      85   1.5733071962721881E+00
      84      86   5.3095022466314115E-04
      84      87   5.0990604733720270E-04
      84      88  -6.8121676661538468E-05
      84      89   1.4042580092672735E-05
      84      90   1.1901766389730943E-06
      84      91   3.6476250589116261E-08
      85      79   3.1561346092751136E-07
      85      80   6.1369196107691917E-06
      85      81  -5.0148721266575594E-05
      85      82   4.1096655234885602E-04
      85      83   4.5602302753608052E-04
      85      84   1.5733071962721881E+00
      85      85  -1.4348393144112237E+01
      85      86  -1.5735031920626084E+00
      85      87   5.8313348803046251E-04
      85      88  -5.1189456186885845E-04
      85      89  -5.7284366498629008E-05
      85      90  -1.0831363478624825E-05
      85      91  -6.8387558599538778E-07
      86      79   1.6610856619754356E-08
      86      80   7.1964102547730181E-07
      86      81  -1.0037032829398860E-05
      86      82  -6.3423445026408810E-05
      86      83  -4.7405900552984609E-04
      86      84   5.3095022466314115E-04
      86      85  -1.5735031920626084E+00
      86      86   1.4166812848230143E+02
      86      87   1.5351017482906097E+00
      86      88   6.0537380576054182E-04
      86      89   4.7256953465268968E-04
      86      90  -3.9853210362473635E-05
      86      91  -6.0390903616567220E-06
      87      79   3.5954660318193909E-09
      87      80  -3.6815031770196480E-08
      87      81   1.1444527367519868E-06
      87      82   1.3309034897373598E-05
      87      83  -7.0121671521235145E-05
      87      84   5.0990604733720270E-04
      87      85   5.8313348803046251E-04
      87      86   1.5351017482906097E+00
      87      87   2.9769552120340359E+02
      87      88  -1.4552460130059137E+00
      87      89   5.9013440377107275E-04
      87      90  -3.8482048982087691E-04
      87      91   2.0105096318522959E-05
      88      79   2.5806695349424994E-09
      88      80   7.1353362343966857E-09
      88      81   5.5935512543528173E-08
      88      82   1.4373345450628226E-06
      88      83  -1.4873086673305507E-05
      88      84  -6.8121676661538468E-05
      88      85  -5.1189456186885845E-04
      88      86   6.0537380576054182E-04
      88      87  -1.4552460130059137E+00
      88      88   4.5373382873511048E+02
      88      89   1.3269115558166069E+00
      88      90   5.2547703532853415E-04
      88      91  -2.4448122209300962E-04
      89      79  -1.5965229398886208E-09
      89      80  -4.9661816081819400E-09
      89      81   8.2048265329001202E-09
      89      82  -6.5373954088234303E-08
      89      83   1.4662575242537744E-06
      89      84   1.4042580092672735E-05
      89      85  -5.7284366498629008E-05
      89      86   4.7256953465268968E-04
      89      87   5.9013440377107275E-04
      89      88   1.3269115558166069E+00
      89      89   6.0978311618819305E+02
      89      90  -1.1345188132594077E+00
      89      91  -3.8567581736913769E-04
      90      79  -7.3726257715685493E-10
      90      80  -2.0888521361826511E-09
      90      81   5.0787057537711346E-09
      90      82   6.7070636713438006E-09
      90      83   5.8755444973427285E-08
      90      84   1.1901766389730943E-06
      90      85  -1.0831363478624825E-05
      90      86  -3.9853210362473635E-05
      90      87  -3.8482048982087691E-04
      90      88   5.2547703532853415E-04
      90      89  -1.1345188132594077E+00
      90      90   7.6584348663257674E+02
      90      91  -8.3625143833118620E-01
      91      79   1.1016324041634471E-10
      91      80  -7.4158183889754367E-10
      91      81   1.8377476972878705E-09
      91      82   2.8077765479143064E-09
      91      83  -2.8526288415768132E-09
      91      84   3.6476250589116261E-08
      91      85  -6.8387558599538778E-07
      91      86  -6.0390903616567220E-06
      91      87   2.0105096318522959E-05
      91      88  -2.4448122209300962E-04
      91      89  -3.8567581736913769E-04
      91      90  -8.3625143833118620E-01
      91      91   9.2191510319706731E+02
      92      92  -1.0284988980903129E+03
      92      93  -8.5797307018963587E-01
      92      94   1.0186903183123621E-04
      92      95  -1.3646580843604177E-04
      92      96   1.7793064464429953E-05
      92      97  -2.7238205447580780E-06
      92      98  -3.4548388179449397E-07
      92      99   2.2095376011442668E-08
      92     100  -3.0794593497847087E-09
      92     101   2.6643496863830033E-09
      92     102   1.4675175100829362E-09
      92     103  -1.0264553985761167E-09
      92     104  -4.0003271461158919E-10
      92     105   4.3900177586835097E-10
      93      92  -8.5797307018963587E-01
      93      93  -8.7255258405519817E+02
      93      94   1.1689436404490912E+00
      93      95   2.0177310557886340E-04
      93      96  -2.5562323694327063E-04
      93      97  -3.5699976002492196E-05
      93      98  -6.5384931479815121E-06
      93      99   8.3461384388411028E-07
      93     100   5.1340714566793630E-08
      93     101   6.4091385043082544E-09
      93     102   5.7937467449935803E-09
      93     103  -3.0227338544905497E-09
      93     104  -9.7507770131336243E-10
      93     105  -4.3296863278500711E-10
      94      92   1.0186903183123621E-04
      94      93   1.1689436404490912E+00
      94      94  -7.1659551491635239E+02
      94      95  -1.3737746703466451E+00
      94      96  -3.1089898690489298E-04
      94      97  -3.7220358774793570E-04
      94      98   5.4439513401891128E-05
      94      99  -1.1236868810132243E-05
      94     100  -1.4150310587445316E-06
      94     101   8.3525397001427117E-08
      94     102  -8.8040353430409604E-09
      94     103   6.7846334180560415E-09
      94     104   3.2134498252658636E-09
      94     105   1.2197151195496847E-09
      95      92  -1.3646580843604177E-04
      95      93   2.0177310557886340E-04
      95      94  -1.3737746703466451E+00
      95      95  -5.6062768577315069E+02
      95      96  -1.5151273440246438E+00
      95      97   4.2342833830522124E-04
      95      98  -4.7691700463674909E-04
      95      99  -7.0927280226396457E-05
      95     100  -1.5782238616478785E-05
      95     101   1.9199556610939908E-06
      95     102   1.0786035978389395E-07
      95     103   8.3255137810174905E-09
      95     104   6.0215612291664372E-09
      95     105   1.7013673909760312E-09
      96      92   1.7793064464429953E-05
      96      93  -2.5562323694327063E-04
      96      94  -3.1089898690489298E-04
      96      95  -1.5151273440246438E+00
      96      96  -4.0464908711332174E+02
      96      97   1.6090904041732006E+00
      96      98   5.3266446950431311E-04
      96      99   5.6215439950928843E-04
      96     100  -8.1800358452021222E-05
      96     101   1.8945098421223671E-05
      96     102   2.1713526970199192E-06
      96     103  -1.1145139287466162E-07
      96     104   5.0936930299476503E-09
      96     105   2.7207657660200386E-09
      97      92  -2.7238205447580780E-06
      97      93  -3.5699976002492196E-05
      97      94  -3.7220358774793570E-04
      97      95   4.2342833830522124E-04
      97      96   1.6090904041732006E+00
      97      97  -2.4865970197999530E+02
      97      98  -1.6632128039589114E+00
      97      99   6.3093156664156672E-04
      97     100  -6.2145683468060214E-04
      97     101  -8.4303439248369403E-05
      97     102  -1.9696379475661956E-05
      97     103   2.0546563731448681E-06
      97     104   9.1778407253492262E-08
      97     105  -1.6914271929256792E-09
      98      92  -3.4548388179449397E-07
      98      93  -6.5384931479815121E-06
      98      94   5.4439513401891128E-05
      98      95  -4.7691700463674909E-04
      98      96   5.3266446950431311E-04
      98      97  -1.6632128039589114E+00
      98      98  -9.2659506692647867E+01
      98      99   1.6810444107314337E+00
      98     100   7.1024650363791348E-04
      98     101   6.4831681159328207E-04
      98     102  -7.7224868363465760E-05
      98     103   1.7586570519788050E-05
      98     104   1.5739379528380251E-06
      98     105   5.2964164503672548E-08
      99      92   2.2095376011442668E-08
      99      93   8.3461384388411028E-07
      99      94  -1.1236868810132243E-05
      99      95  -7.0927280226396457E-05
      99      96   5.6215439950928843E-04
      99      97   6.3093156664156672E-04
      99      98   1.6810444107314337E+00
      99      99   6.3351527025304733E+01
      99     100  -1.6636406002147461E+00
      99     101   7.6309449591577380E-04
      99     102  -6.3531770902765434E-04
      99     103  -6.1562819660282780E-05
      99     104  -1.2962343409572089E-05
      99     105  -8.6325146777668853E-07
     100      92  -3.0794593497847087E-09
     100      93   5.1340714566793630E-08
     100      94  -1.4150310587445316E-06
     100      95  -1.5782238616478785E-05
     100      96  -8.1800358452021222E-05
     100      97  -6.2145683468060214E-04
     100      98   7.1024650363791348E-04
     100      99  -1.6636406002147461E+00
     100     100   2.1937343174119255E+02
     100     101   1.6099406168901556E+00
     100     102   7.8217140534992010E-04
     100     103   5.7440653431857979E-04
     100     104  -4.0621365312184497E-05
     100     105  -6.9533340183890045E-06
     101      92   2.6643496863830033E-09
     101      93   6.4091385043082544E-09
     101      94   8.3525397001427117E-08
     101      95   1.9199556610939908E-06
     101      96   1.8945098421223671E-05
     101      97  -8.4303439248369403E-05
