#    row  column                    value
       1       1  -1.8490880360053566E-04
       2       2  -1.8490870372820021E-04
       2       3   1.3222913570727333E-10
       3       2   1.3222913570727333E-10
       3       3  -1.8490870770794616E-04
       4       4  -1.8490860650173023E-04
       4       5  -1.8515263745383587E-10
       4       6  -1.7184350801636153E-15
       5       4  -1.8515263745383587E-10
       5       5  -1.8490860913747021E-04
       5       6   1.8517023206758363E-10
       6       4  -1.7184350801636153E-15
       6       5   1.8517023206758363E-10
       6       6  -1.8490861437029705E-04
       7       7  -1.8490851192244775E-04
       7       8   2.2448184597818485E-10
       7       9  -3.7028925252136867E-15
       7      10   3.3397840654126007E-15
       8       7   2.2448184597818485E-10
       8       8  -1.8490851321464893E-04
       8       9  -2.5928325423599756E-10
       8      10  -4.5574481029999578E-15
       9       7  -3.7028925252136867E-15
       9       8  -2.5928325423599756E-10
       9       9  -1.8490851710486428E-04
       9      10   2.2452610445071960E-10
      10       7   3.3397840654126007E-15
      10       8  -4.5574481029999578E-15
      10       9   2.2452610445071960E-10
      10      10  -1.8490852359604959E-04
      11      11  -1.8490841999227543E-04
      11      12   2.5654998604156716E-10
      11      13  -6.0579736641867825E-15
      11      14   7.3949409534419777E-15
      11      15   1.2973199912248755E-15
      12      11   2.5654998604156716E-10
      12      12  -1.8490841994155845E-04
      12      13  -3.1435948540859111E-10
      12      14  -1.0036246762843845E-14
      12      15  -8.0710911038304480E-15
      13      11  -6.0579736641867825E-15
      13      12  -3.1435948540859111E-10
      13      13  -1.8490842248868299E-04
      13      14   3.1439106832511554E-10
      13      15  -8.9655501468012652E-15
      14      11   7.3949409534419777E-15
      14      12  -1.0036246762843845E-14
      14      13   3.1439106832511554E-10
      14      14  -1.8490842763937445E-04
      14      15  -2.5662920508299490E-10
      15      11   1.2973199912248755E-15
      15      12  -8.0710911038304480E-15
      15      13  -8.9655501468012652E-15
      15      14  -2.5662920508299490E-10
      15      15  -1.8490843539558280E-04
      16      16  -1.8490833071327297E-04
      16      17   2.8383167640050369E-10
      16      18  -8.8141288602072753E-15
      16      19   1.2542495370813943E-14
      16      20   2.4709733476438675E-15
      16      21   1.7508345858708449E-16
      17      16   2.8383167640050369E-10
      17      17  -1.8490832932019962E-04
      17      18  -3.5926758779875251E-10
      17      19  -1.6526390053295594E-14
      17      20  -1.7019001505416098E-14
      17      21   2.6520601247420996E-15
      18      16  -8.8141288602072753E-15
      18      17  -3.5926758779875251E-10
      18      18  -1.8490833052445434E-04
      18      19   3.8117350541584963E-10
      18      20  -1.9612396856352139E-14
      18      21   1.4891231291613392E-14
      19      16   1.2542495370813943E-14
      19      17  -1.6526390053295594E-14
      19      18   3.8117350541584963E-10
      19      19  -1.8490833433312286E-04
      19      20  -3.5934244145629612E-10
      19      21  -1.5461307594495785E-14
      20      16   2.4709733476438675E-15
      20      17  -1.7019001505416098E-14
      20      18  -1.9612396856352139E-14
      20      19  -3.5934244145629612E-10
      20      20  -1.8490834075120892E-04
      20      21   2.8395453390873239E-10
      21      16   1.7508345858708449E-16
      21      17   2.6520601247420996E-15
      21      18   1.4891231291613392E-14
      21      19  -1.5461307594495785E-14
      21      20   2.8395453390873239E-10
      21      21  -1.8490834978095527E-04
      22      22  -1.8490824408728840E-04
      22      23   3.0760524362784199E-10
      22      24   1.2059069967475291E-14
      22      25   1.8571424792833526E-14
      22      26  -3.6371707106253787E-15
      22      27   3.6440233748841438E-16
      22      28   1.2950956484692492E-17
      23      22   3.0760524362784199E-10
      23      23  -1.8490824135230247E-04
      23      24   3.9747276532790793E-10
      23      25  -2.3850724905747672E-14
      23      26   2.7904656670574028E-14
      23      27   5.0801404528559475E-15
      23      28   4.0902507413401341E-16
      24      22   1.2059069967475291E-14
      24      23   3.9747276532790793E-10
      24      24  -1.8490824121421542E-04
      24      25  -4.3562677979884622E-10
      24      26  -3.2153814934317070E-14
      24      27  -3.0339283590682735E-14
      24      28   4.1532049157025860E-15
      25      22   1.8571424792833526E-14
      25      23  -2.3850724905747672E-14
      25      24  -4.3562677979884622E-10
      25      25  -1.8490824368049254E-04
      25      26   4.3567298143159491E-10
      25      27  -3.3065457464707409E-14
      25      28   2.3914508765434329E-14
      26      22  -3.6371707106253787E-15
      26      23   2.7904656670574028E-14
      26      24  -3.2153814934317070E-14
      26      25   4.3567298143159491E-10
      26      26  -1.8490824875795850E-04
      26      27  -3.9760240160705197E-10
      26      28  -2.4736979410371008E-14
      27      22   3.6440233748841438E-16
      27      23   5.0801404528559475E-15
      27      24  -3.0339283590682735E-14
      27      25  -3.3065457464707409E-14
      27      26  -3.9760240160705197E-10
      27      27  -1.8490825645164498E-04
      27      28   3.0778129338560801E-10
      28      22   1.2950956484692492E-17
      28      23   4.0902507413401341E-16
      28      24   4.1532049157025860E-15
      28      25   2.3914508765434329E-14
      28      26  -2.4736979410371008E-14
      28      27   3.0778129338560801E-10
      28      28  -1.8490826676563187E-04
      29      29  -1.8490816011571879E-04
      29      30  -3.2863441210743651E-10
      29      31  -1.5881865551458132E-14
      29      32   2.5234728645766577E-14
      29      33   4.7168360487414121E-15
      29      34   5.7287800775106871E-16
      29      35  -3.1527410226700753E-17
      30      29  -3.2863441210743651E-10
      30      30  -1.8490815603917720E-04
      30      31   4.3076503842431578E-10
      30      32   3.1995642574726731E-14
      30      33   4.0345751046387616E-14
      30      34  -7.5204331429804443E-15
      30      35   8.5245020131541613E-16
      30      36   3.6171599469833536E-17
      31      29  -1.5881865551458132E-14
      31      30   4.3076503842431578E-10
      31      31  -1.8490815455936600E-04
      31      32   4.8195234370850727E-10
      31      33  -4.6072229292368994E-14
      31      34   4.8476169528988698E-14
      31      35   8.0037597483028941E-15
      31      36   7.2078622795425827E-16
      32      29   2.5234728645766577E-14
      32      30   3.1995642574726731E-14
      32      31   4.8195234370850727E-10
      32      32  -1.8490815568354297E-04
      32      33  -4.9791158704497868E-10
      32      34  -5.3568054240435851E-14
      32      35  -4.7535548991084311E-14
      32      36   5.6715300336404614E-15
      33      29   4.7168360487414121E-15
      33      30   4.0345751046387616E-14
      33      31  -4.6072229292368994E-14
      33      32  -4.9791158704497868E-10
      33      33  -1.8490815941938252E-04
      33      34   4.8205834823974526E-10
      33      35  -5.1289639478743026E-14
      33      36   3.5148617328020081E-14
      34      29   5.7287800775106871E-16
      34      30  -7.5204331429804443E-15
      34      31   4.8476169528988698E-14
      34      32  -5.3568054240435851E-14
      34      33   4.8205834823974526E-10
      34      34  -1.8490816577378948E-04
      34      35  -4.3096167134237752E-10
      34      36  -3.7613633844162073E-14
      35      29  -3.1527410226700753E-17
      35      30   8.5245020131541613E-16
      35      31   8.0037597483028941E-15
      35      32  -4.7535548991084311E-14
      35      33  -5.1289639478743026E-14
      35      34  -4.3096167134237752E-10
      35      35  -1.8490817475286481E-04
      35      36   3.2887423548325331E-10
      36      30   3.6171599469833536E-17
      36      31   7.2078622795425827E-16
      36      32   5.6715300336404614E-15
      36      33   3.5148617328020081E-14
      36      34  -3.7613633844162073E-14
      36      35   3.2887423548325331E-10
      36      36  -1.8490818636419706E-04
      37      37  -1.8490807879935025E-04
      37      38   3.4741879442032386E-10
      37      39  -2.0332389086444242E-14
      37      40   3.2283185164617585E-14
      37      41   5.6666748650062243E-15
      37      42   7.7940591553422659E-16
      37      43   5.5494882529181178E-17
      38      37   3.4741879442032386E-10
      38      38  -1.8490807338161170E-04
      38      39  -4.6021385979044655E-10
      38      40  -4.1009352023827661E-14
      38      41  -5.3901202149805980E-14
      38      42   9.8077048627274624E-15
      38      43   1.3461723591637255E-15
      38      44  -8.4600487678875537E-17
      39      37  -2.0332389086444242E-14
      39      38  -4.6021385979044655E-10
      39      39  -1.8490807056068724E-04
      39      40   5.2232049618467499E-10
      39      41  -6.1133201536026818E-14
      39      42   6.8739835235979060E-14
      39      43  -1.1921410389087725E-14
      39      44   1.5081898282204158E-15
      39      45   7.2042037669701421E-17
      40      37   3.2283185164617585E-14
      40      38  -4.1009352023827661E-14
      40      39   5.2232049618467499E-10
      40      40  -1.8490807034338247E-04
      40      41  -5.5086020224815744E-10
      40      42  -7.6048914644116675E-14
      40      43   7.4461255544221596E-14
      40      44   1.0999494747239763E-14
      40      45   1.0991914844050020E-15
      41      37   5.6666748650062243E-15
      41      38  -5.3901202149805980E-14
      41      39  -6.1133201536026818E-14
      41      40  -5.5086020224815744E-10
      41      41  -1.8490807273753557E-04
      41      42   5.5092189323189933E-10
      41      43   8.1695751886335054E-14
      41      44   6.8615627370481923E-14
      41      45  -7.0841143320241941E-15
      42      37   7.7940591553422659E-16
      42      38   9.8077048627274624E-15
      42      39   6.8739835235979060E-14
      42      40  -7.6048914644116675E-14
      42      41   5.5092189323189933E-10
      42      42  -1.8490807775111226E-04
      42      43   5.2250017531361401E-10
      42      44  -7.5377129005717761E-14
      42      45   4.8509175760906429E-14
      43      37   5.5494882529181178E-17
      43      38   1.3461723591637255E-15
      43      39  -1.1921410389087725E-14
      43      40   7.4461255544221596E-14
      43      41   8.1695751886335054E-14
      43      42   5.2250017531361401E-10
      43      43  -1.8490808539172387E-04
      43      44  -4.6049075885168461E-10
      43      45  -5.4989393780733382E-14
      44      38  -8.4600487678875537E-17
      44      39   1.5081898282204158E-15
      44      40   1.0999494747239763E-14
      44      41   6.8615627370481923E-14
      44      42  -7.5377129005717761E-14
      44      43  -4.6049075885168461E-10
      44      44  -1.8490809566777376E-04
      44      45   3.4773390135309408E-10
      45      39   7.2042037669701421E-17
      45      40   1.0991914844050020E-15
      45      41  -7.0841143320241941E-15
      45      42   4.8509175760906429E-14
      45      43  -5.4989393780733382E-14
      45      44   3.4773390135309408E-10
      45      45  -1.8490810859205238E-04
      46      46  -1.8490800013826986E-04
      46      47   3.6430617950429201E-10
      46      48   2.5402572871244633E-14
      46      49   3.9484799505696866E-14
      46      50  -6.4735244970846339E-15
      46      51   9.6634583465986958E-16
      46      52   8.2006716702800169E-17
      47      46   3.6430617950429201E-10
      47      47  -1.8490799337980644E-04
      47      48   4.8651887753024080E-10
      47      49  -5.0929261135935095E-14
      47      50   6.8129404635971574E-14
      47      51   1.1844194610735489E-14
      47      52   1.8421806873427715E-15
      47      53  -1.4590036897646409E-16
      48      46   2.5402572871244633E-14
      48      47   4.8651887753024080E-10
      48      48  -1.8490798921836057E-04
      48      49  -5.5802790213598087E-10
      48      50  -7.7255566708624039E-14
      48      51  -9.0505393887839132E-14
      48      52   1.5639298802217340E-14
      48      53  -2.3946016926744731E-15
      48      54  -1.6573295632717598E-16
      49      46   3.9484799505696866E-14
      49      47  -5.0929261135935095E-14
      49      48  -5.5802790213598087E-10
      49      49  -1.8490798766032044E-04
      49      50   5.9699923902993369E-10
      49      51  -9.9973828648604094E-14
      49      52   1.0393425816120315E-13
      49      53   1.6488028403132960E-14
      49      54   2.3107142206803437E-15
      49      55   1.2046187272434992E-16
      50      46  -6.4735244970846339E-15
      50      47   6.8129404635971574E-14
      50      48  -7.7255566708624039E-14
      50      49   5.9699923902993369E-10
      50      50  -1.8490798871327786E-04
      50      51  -6.0950610673459745E-10
      50      52  -1.1464565191439935E-13
      50      53  -1.0585174434405796E-13
      50      54   1.3831553351167857E-14
      50      55   1.5286115348681178E-15
      51      46   9.6634583465986958E-16
      51      47   1.1844194610735489E-14
      51      48  -9.0505393887839132E-14
      51      49  -9.9973828648604094E-14
      51      50  -6.0950610673459745E-10
      51      51  -1.8490799238560536E-04
      51      52   5.9713780763793513E-10
      51      53  -1.1770579633878033E-13
      51      54   9.3441425626918231E-14
      51      55  -8.2823865415033085E-15
      52      46   8.2006716702800169E-17
      52      47   1.8421806873427715E-15
      52      48   1.5639298802217340E-14
      52      49   1.0393425816120315E-13
      52      50  -1.1464565191439935E-13
      52      51   5.9713780763793513E-10
      52      52  -1.8490799868588084E-04
      52      53  -5.5829596724599558E-10
      52      54  -1.0655368472781413E-13
      52      55   6.3829628874295988E-14
      53      47  -1.4590036897646409E-16
      53      48  -2.3946016926744731E-15
      53      49   1.6488028403132960E-14
      53      50  -1.0585174434405796E-13
      53      51  -1.1770579633878033E-13
      53      52  -5.5829596724599558E-10
      53      53  -1.8490800762327038E-04
      53      54   4.8689037948816390E-10
      53      55   7.7792246308357349E-14
      54      48  -1.6573295632717598E-16
      54      49   2.3107142206803437E-15
      54      50   1.3831553351167857E-14
      54      51   9.3441425626918231E-14
      54      52  -1.0655368472781413E-13
      54      53   4.8689037948816390E-10
      54      54  -1.8490801920981225E-04
      54      55   3.6470870857305773E-10
      55      49   1.2046187272434992E-16
      55      50   1.5286115348681178E-15
      55      51  -8.2823865415033085E-15
      55      52   6.3829628874295988E-14
      55      53   7.7792246308357349E-14
      55      54   3.6470870857305773E-10
      55      55  -1.8490803346511215E-04
      56      56  -1.8490792413183613E-04
      56      57   3.7954984034725353E-10
      56      58  -3.1017555132740440E-14
      56      59   4.6636352219953256E-14
      56      60   7.1466698188837033E-15
      56      61   1.1202045922892894E-15
      56      62  -1.0865736393647974E-16
      57      56   3.7954984034725353E-10
      57      57  -1.8490791603334542E-04
      57      58  -5.1016715833090025E-10
      57      59  -6.1735830598197002E-14
      57      60  -8.2616770142410352E-14
      57      61   1.3593066898230674E-14
      57      62  -2.2996221445252171E-15
      57      63  -2.1458996970239456E-16
      58      56  -3.1017555132740440E-14
      58      57  -5.1016715833090025E-10
      58      58  -1.8490791053198905E-04
      58      59   5.8992289244571739E-10
      58      60  -9.4406705561801940E-14
      58      61   1.1315590183235474E-13
      58      62   1.8992105193841911E-14
      58      63   3.2977216441046393E-15
      58      64   2.8460765571091684E-16
      59      56   4.6636352219953256E-14
      59      57  -6.1735830598197002E-14
      59      58   5.8992289244571739E-10
      59      59  -1.8490790763398641E-04
      59      60  -6.3781063949321451E-10
      59      61  -1.2506211276545614E-13
      59      62  -1.3515391034006049E-13
      59      63   2.1765328794635497E-14
      59      64   3.6897901120539859E-15
      59      65  -2.7581689827844753E-16
      60      56   7.1466698188837033E-15
      60      57  -8.2616770142410352E-14
      60      58  -9.4406705561801940E-14
      60      59  -6.3781063949321451E-10
      60      60  -1.8490790734651975E-04
      60      61   6.6055531748770812E-10
      60      62  -1.4927719531501465E-13
      60      63   1.4587963452671968E-13
      60      64  -2.0871850665562358E-14
      60      65   3.2297524288314572E-15
      60      66   1.8087085132780361E-16
      61      56   1.1202045922892894E-15
      61      57   1.3593066898230674E-14
      61      58   1.1315590183235474E-13
      61      59  -1.2506211276545614E-13
      61      60   6.6055531748770812E-10
      61      61  -1.8490790967790090E-04
      61      62  -6.6063340579568064E-10
      61      63  -1.6298555491840903E-13
      61      64   1.4246054061373248E-13
      61      65   1.6287485752159998E-14
      61      66   1.9907983489516830E-15
      62      56  -1.0865736393647974E-16
      62      57  -2.2996221445252171E-15
      62      58   1.8992105193841911E-14
      62      59  -1.3515391034006049E-13
      62      60  -1.4927719531501465E-13
      62      61  -6.6063340579568064E-10
      62      62  -1.8490791463716594E-04
      62      63   6.3804176842891232E-10
      62      64   1.6294203876281810E-13
      62      65   1.2174198209760070E-13
      62      66  -9.1747096622823493E-15
      63      57  -2.1458996970239456E-16
      63      58   3.2977216441046393E-15
      63      59   2.1765328794635497E-14
      63      60   1.4587963452671968E-13
      63      61  -1.6298555491840903E-13
      63      62   6.3804176842891232E-10
      63      63  -1.8490792223403536E-04
      63      64   5.9029504846720185E-10
      63      65  -1.4611113500753118E-13
      63      66   8.0870404179811683E-14
      64      58   2.8460765571091684E-16
      64      59   3.6897901120539859E-15
      64      60  -2.0871850665562358E-14
      64      61   1.4246054061373248E-13
      64      62   1.6294203876281810E-13
      64      63   5.9029504846720185E-10
      64      64  -1.8490793248022628E-04
      64      65  -5.1064841878847414E-10
      64      66  -1.0693163850405045E-13
      65      59  -2.7581689827844753E-16
      65      60   3.2297524288314572E-15
      65      61   1.6287485752159998E-14
      65      62   1.2174198209760070E-13
      65      63  -1.4611113500753118E-13
      65      64  -5.1064841878847414E-10
      65      65  -1.8490794539275827E-04
      65      66   3.8005210449986072E-10
      66      60   1.8087085132780361E-16
      66      61   1.9907983489516830E-15
      66      62  -9.1747096622823493E-15
      66      63   8.0870404179811683E-14
      66      64  -1.0693163850405045E-13
      66      65   3.8005210449986072E-10
      66      66  -1.8490796099949851E-04
      67      67  -1.8490785077869201E-04
      67      68   3.9334061100637506E-10
      67      69  -3.7041518798415807E-14
      67      70   5.3572810507834911E-14
      67      71  -7.7104637997220728E-15
      67      72   1.2331696098627299E-15
      67      73   1.3320605611460706E-16
      68      67   3.9334061100637506E-10
      68      68  -1.8490784134119167E-04
      68      69  -5.3151341732134174E-10
      68      70  -7.3331992656559247E-14
      68      71   9.6996260475490815E-14
      68      72   1.5063569690569911E-14
      68      73   2.6869415631490431E-15
      68      74  -2.8459713243741602E-16
      68      75  -1.1129726447407990E-17
      69      67  -3.7041518798415807E-14
      69      68  -5.3151341732134174E-10
      69      69  -1.8490783450062233E-04
      69      70   6.1859608314972885E-10
      69      71   1.1253235027352771E-13
      69      72   1.3611321619001899E-13
      69      73  -2.1906489516749918E-14
      69      74   4.1449263265887579E-15
      69      75   4.1839554420448088E-16
      69      76  -1.5766794935815284E-17
      70      67   5.3572810507834911E-14
      70      68  -7.3331992656559247E-14
      70      69   6.1859608314972885E-10
      70      70  -1.8490783026342458E-04
      70      71   6.7426398594509901E-10
      70      72  -1.5115927579653663E-13
      70      73   1.6734868249945918E-13
      70      74   2.6587881946290632E-14
      70      75   5.1134175975519372E-15
      70      76  -4.7367643337183881E-16
      70      77  -1.5984011836965600E-17
      71      67  -7.7104637997220728E-15
      71      68   9.6996260475490815E-14
      71      69   1.1253235027352771E-13
      71      70   6.7426398594509901E-10
      71      71  -1.8490782863641632E-04
      71      72  -7.0570912306064007E-10
      71      73  -1.8506933945710793E-13
      71      74  -1.8772248769507728E-13
      71      75   2.7732941863933108E-14
      71      76  -5.1860810007160521E-15
      71      77  -4.1437663113079824E-16
      71      78  -1.1160316320356790E-17
      72      67   1.2331696098627299E-15
      72      68   1.5063569690569911E-14
      72      69   1.3611321619001899E-13
      72      70  -1.5115927579653663E-13
      72      71  -7.0570912306064007E-10
      72      72  -1.8490782962757405E-04
      72      73   7.1596142774520640E-10
      72      74  -2.1004991858231122E-13
      72      75   1.9433434533429594E-13
      72      76   2.4752879819018532E-14
      72      77   4.2281600547951356E-15
      72      78   2.5217292743972834E-16
      73      67   1.3320605611460706E-16
      73      68   2.6869415631490431E-15
      73      69  -2.1906489516749918E-14
      73      70   1.6734868249945918E-13
      73      71  -1.8506933945710793E-13
      73      72   7.1596142774520640E-10
      73      73  -1.8490783324596634E-04
      73      74  -7.0588176893597945E-10
      73      75  -2.2239161527584665E-13
      73      76  -1.8393152571686302E-13
      73      77   1.8184678857096431E-14
      73      78   2.4664594030969172E-15
      74      68  -2.8459713243741602E-16
      74      69   4.1449263265887579E-15
      74      70   2.6587881946290632E-14
      74      71  -1.8772248769507728E-13
      74      72  -2.1004991858231122E-13
      74      73  -7.0588176893597945E-10
      74      74  -1.8490783950158847E-04
      74      75   6.7460415120022098E-10
      74      76  -2.1885091556032463E-13
      74      77   1.5312395421083719E-13
      74      78  -9.6892954335762330E-15
      75      68  -1.1129726447407990E-17
      75      69   4.1839554420448088E-16
      75      70   5.1134175975519372E-15
      75      71   2.7732941863933108E-14
      75      72   1.9433434533429594E-13
      75      73  -2.2239161527584665E-13
      75      74   6.7460415120022098E-10
      75      75  -1.8490784840600647E-04
      75      76  -6.1908888203567862E-10
      75      77  -1.9534096303496155E-13
      75      78   9.9330672139157459E-14
      76      69  -1.5766794935815284E-17
      76      70  -4.7367643337183881E-16
      76      71  -5.1860810007160521E-15
      76      72   2.4752879819018532E-14
      76      73  -1.8393152571686302E-13
      76      74  -2.1885091556032463E-13
      76      75  -6.1908888203567862E-10
      76      76  -1.8490785997455866E-04
      76      77   5.3211995610827078E-10
      76      78   1.4325414210154767E-13
      77      70  -1.5984011836965600E-17
      77      71  -4.1437663113079824E-16
      77      72   4.2281600547951356E-15
      77      73   1.8184678857096431E-14
      77      74   1.5312395421083719E-13
      77      75  -1.9534096303496155E-13
      77      76   5.3211995610827078E-10
      77      77  -1.8490787423052819E-04
      77      78   3.9395452678797790E-10
      78      71  -1.1160316320356790E-17
      78      72   2.5217292743972834E-16
      78      73   2.4664594030969172E-15
      78      74  -9.6892954335762330E-15
      78      75   9.9330672139157459E-14
      78      76   1.4325414210154767E-13
      78      77   3.9395452678797790E-10
      78      78  -1.8490789121124502E-04
      79      79  -1.8490778007681466E-04
      79      80   4.0582613269425176E-10
      79      81  -4.3285715565140274E-14
      79      82   6.0169682223137036E-14
      79      83   8.1991440327601930E-15
      79      84   1.3012728529150515E-15
      79      85  -1.5347127157657833E-16
      80      79   4.0582613269425176E-10
      80      80  -1.8490776930171166E-04
      80      81  -5.5082492054641386E-10
      80      82  -8.5537716267170025E-14
      80      83  -1.1096209222080379E-13
      80      84   1.6297370799798466E-14
      80      85  -2.9836117166165003E-15
      80      86  -3.4984403476145334E-16
      80      87   1.7814116231963150E-17
      81      79  -4.3285715565140274E-14
      81      80  -5.5082492054641386E-10
      81      81  -1.8490776112278643E-04
      81      82   6.4447763188869965E-10
      81      83  -1.3151412586671965E-13
      81      84   1.5885961544047566E-13
      81      85   2.4380865564835321E-14
      81      86   4.8796768101067339E-15
      81      87  -5.5647908110833014E-16
      81      88  -2.7067197578867491E-17
      82      79   6.0169682223137036E-14
      82      80  -8.5537716267170025E-14
      82      81   6.4447763188869965E-10
      82      82  -1.8490775554717023E-04
      82      83  -7.0703435603919802E-10
      82      84  -1.7814184283570599E-13
      82      85  -1.9980064993882626E-13
      82      86   3.0834749544391544E-14
      82      87  -6.4704103148093056E-15
      82      88  -6.9880648756333779E-16
      82      89   3.1716289412389144E-17
      83      79   8.1991440327601930E-15
      83      80  -1.1096209222080379E-13
      83      81  -1.3151412586671965E-13
      83      82  -7.0703435603919802E-10
      83      83  -1.8490775258152319E-04
      83      84   7.4604027726559365E-10
      83      85  -2.2170587773893636E-13
      83      86   2.3047469032154842E-13
      83      87   3.4091283607929402E-14
      83      88   7.2308231683312890E-15
      83      89  -7.1279279175393123E-16
      83      90  -2.8524896945340698E-17
      84      79   1.3012728529150515E-15
      84      80   1.6297370799798466E-14
      84      81   1.5885961544047566E-13
      84      82  -1.7814184283570599E-13
      84      83   7.4604027726559365E-10
      84      84  -1.8490775223338723E-04
      84      85  -7.6489891772591275E-10
      84      86  -2.5813345783947668E-13
      84      87  -2.4790250388126807E-13
      84      88   3.3118808374213830E-14
      84      89  -6.8271141509437386E-15
      84      90  -5.7869922291390739E-16
      84      91  -1.7713712280248770E-17
      85      79  -1.5347127157657833E-16
      85      80  -2.9836117166165003E-15
      85      81   2.4380865564835321E-14
      85      82  -1.9980064993882626E-13
      85      83  -2.2170587773893636E-13
      85      84  -7.6489891772591275E-10
      85      85  -1.8490775451155810E-04
      85      86   7.6499420553880599E-10
      85      87  -2.8350357246769353E-13
      85      88   2.4886916951697632E-13
      85      89   2.7850079366306000E-14
      85      90   5.2659300267466335E-15
      85      91   3.3256958679328473E-16
      86      80  -3.4984403476145334E-16
      86      81   4.8796768101067339E-15
      86      82   3.0834749544391544E-14
      86      83   2.3047469032154842E-13
      86      84  -2.5813345783947668E-13
      86      85   7.6499420553880599E-10
      86      86  -1.8490775942601458E-04
      86      87  -7.4632447408202095E-10
      86      88  -2.9431631712208094E-13
      86      89  -2.2975036375891054E-13
      86      90   1.9375483471253947E-14
      86      91   2.9360102475852448E-15
      87      80   1.7814116231963150E-17
      87      81  -5.5647908110833014E-16
      87      82  -6.4704103148093056E-15
      87      83   3.4091283607929402E-14
      87      84  -2.4790250388126807E-13
      87      85  -2.8350357246769353E-13
      87      86  -7.4632447408202095E-10
      87      87  -1.8490776698817010E-04
      87      88   7.0750080008957129E-10
      87      89  -2.8690718022383623E-13
      87      90   1.8708926629912546E-13
      87      91  -9.7744135134130678E-15
      88      81  -2.7067197578867491E-17
      88      82  -6.9880648756333779E-16
      88      83   7.2308231683312890E-15
      88      84   3.3118808374213830E-14
      88      85   2.4886916951697632E-13
      88      86  -2.9431631712208094E-13
      88      87   7.0750080008957129E-10
      88      88  -1.8490777721224513E-04
      88      89  -6.4510809774855062E-10
      88      90  -2.5547253990337248E-13
      88      91   1.1886006362264663E-13
      89      82   3.1716289412389144E-17
      89      83  -7.1279279175393123E-16
      89      84  -6.8271141509437386E-15
      89      85   2.7850079366306000E-14
      89      86  -2.2975036375891054E-13
      89      87  -2.8690718022383623E-13
      89      88  -6.4510809774855062E-10
      89      89  -1.8490779011828408E-04
      89      90   5.5157200971793642E-10
      89      91   1.8750506353083363E-13
      90      83  -2.8524896945340698E-17
      90      84  -5.7869922291390739E-16
      90      85   5.2659300267466335E-15
      90      86   1.9375483471253947E-14
      90      87   1.8708926629912546E-13
      90      88  -2.5547253990337248E-13
      90      89   5.5157200971793642E-10
      90      90  -1.8490780573697798E-04
      90      91   4.0656257200286990E-10
      91      84  -1.7713712280248770E-17
      91      85   3.3256958679328473E-16
      91      86   2.9360102475852448E-15
      91      87  -9.7744135134130678E-15
      91      88   1.1886006362264663E-13
      91      89   1.8750506353083363E-13
      91      90   4.0656257200286990E-10
      91      91  -1.8490782411600897E-04
      92      92  -1.8490771202359226E-04
      92      93   4.1712303493964692E-10
      92      94  -4.9525887826833703E-14
      92      95   6.6346077652401773E-14
      92      96  -8.6505606916476667E-15
      92      97   1.3243244251981125E-15
      92      98   1.6795640175079151E-16
      92      99  -1.0679634386094430E-17
      93      92   4.1712303493964692E-10
      93      93  -1.8490769991271277E-04
      93      94  -5.6830841892187726E-10
      93      95  -9.8096397404076484E-14
      93      96   1.2427701600480605E-13
      93      97   1.7356486828031115E-14
      93      98   3.1789759796888285E-15
      93      99  -4.0562768084381071E-16
      93     100  -2.4869888231386826E-17
      94      92  -4.9525887826833703E-14
      94      93  -5.6830841892187726E-10
      94      94  -1.8490769039651757E-04
      94      95   6.6789166217750593E-10
      94      96   1.5115055875813186E-13
      94      97   1.8095506295822564E-13
      94      98  -2.6466962610788926E-14
      94      99   5.4630799593018601E-15
      94     100   6.8796301446069770E-16
      94     101  -4.0551494191484110E-17
      95      92   6.6346077652401773E-14
      95      93  -9.8096397404076484E-14
      95      94   6.6789166217750593E-10
      95      95  -1.8490768348331218E-04
      95      96   7.3661346522016067E-10
      95      97  -2.0585919099166715E-13
      95      98   2.3186394707655009E-13
      95      99   3.4482911310055760E-14
      95     100   7.6729451953100155E-15
      95     101  -9.3343723914787634E-16
      95     102  -5.2418240656954443E-17
      96      92  -8.6505606916476667E-15
      96      93   1.2427701600480605E-13
      96      94   1.5115055875813186E-13
      96      95   7.3661346522016067E-10
      96      96  -1.8490767917991315E-04
      96      97  -7.8229573448384861E-10
      96      98  -2.5896690001726703E-13
      96      99  -2.7330402523703466E-13
      96     100   3.9769126232749905E-14
      96     101  -9.2105738498515665E-15
      96     102  -1.0556902643129206E-15
      96     103   5.4163583498302092E-17
      97      92   1.3243244251981125E-15
      97      93   1.7356486828031115E-14
      97      94   1.8095506295822564E-13
      97      95  -2.0585919099166715E-13
      97      96  -7.8229573448384861E-10
      97      97  -1.8490767749348441E-04
      97      98   8.0860856476664581E-10
      97      99  -3.0674167629480910E-13
      97     100   3.0213531072658013E-13
      97     101   4.0986130317704806E-14
      97     102   9.5758284343981302E-15
      97     103  -9.9888906383746191E-16
      97     104  -4.4552692877520831E-17
      98      92   1.6795640175079151E-16
      98      93   3.1789759796888285E-15
      98      94  -2.6466962610788926E-14
      98      95   2.3186394707655009E-13
      98      96  -2.5896690001726703E-13
      98      97   8.0860856476664581E-10
      98      98  -1.8490767843237611E-04
      98      99  -8.1727780400451847E-10
      98     100  -3.4530254546763656E-13
      98     101  -3.1519389409727749E-13
      98     102   3.7544616834389835E-14
      98     103  -8.5500393776385304E-15
      98     104  -7.6524591753437699E-16
      98     105  -2.5672635343576722E-17
      99      92  -1.0679634386094430E-17
      99      93  -4.0562768084381071E-16
      99      94   5.4630799593018601E-15
      99      95   3.4482911310055760E-14
      99      96  -2.7330402523703466E-13
      99      97  -3.0674167629480910E-13
      99      98  -8.1727780400451847E-10
      99      99  -1.8490768200629128E-04
      99     100   8.0881654731225418E-10
      99     101  -3.7099564597080500E-13
      99     102   3.0887414883289228E-13
      99     103   2.9930187320961409E-14
      99     104   6.3019475860872367E-15
      99     105   4.1967729292773625E-16
     100      93  -2.4869888231386826E-17
     100      94   6.8796301446069770E-16
     100      95   7.6729451953100155E-15
     100      96   3.9769126232749905E-14
     100      97   3.0213531072658013E-13
     100      98  -3.4530254546763656E-13
     100      99   8.0881654731225418E-10
     100     100  -1.8490768822639460E-04
     100     101  -7.8270908457332435E-10
     100     102  -3.8027026124019535E-13
     100     103  -2.7926071418421932E-13
     100     104   1.9749012336687951E-14
     100     105   3.3806219151261737E-15
     101      94  -4.0551494191484110E-17
     101      95  -9.3343723914787634E-16
     101      96  -9.2105738498515665E-15
     101      97   4.0986130317704806E-14
     101      98  -3.1519389409727749E-13
     101      99  -3.7099564597080500E-13
     101     100  -7.8270908457332435E-10
     101     101  -1.8490769710609984E-04
     101     102   7.3722392083394535E-10
     101     103  -3.6854307613642718E-13
     101     104   2.2304981828243072E-13
     101     105  -9.3996055511909730E-15
     102      95  -5.2418240656954443E-17
     102      96  -1.0556902643129206E-15
     102      97   9.5758284343981302E-15
     102      98   3.7544616834389835E-14
     102      99   3.0887414883289228E-13
     102     100  -3.8027026124019535E-13
     102     101   7.3722392083394535E-10
     102     102  -1.8490770866315609E-04
     102     103  -6.6867673576828643E-10
     102     104  -3.2761481585570933E-13
     102     105   1.3907050064772899E-13
     103      96   5.4163583498302092E-17
     103      97  -9.9888906383746191E-16
     103      98  -8.5500393776385304E-15
     103      99   2.9930187320961409E-14
     103     100  -2.7926071418421932E-13
     103     101  -3.6854307613642718E-13
     103     102  -6.6867673576828643E-10
     103     103  -1.8490772292334220E-04
     103     104   5.6921035739656554E-10
     103     105   2.4029384592660570E-13
     104      97  -4.4552692877520831E-17
     104      98  -7.6524591753437699E-16
     104      99   6.3019475860872367E-15
     104     100   1.9749012336687951E-14
     104     101   2.2304981828243072E-13
     104     102  -3.2761481585570933E-13
     104     103   5.6921035739656554E-10
     104     104  -1.8490773992570425E-04
     104     105   4.1799113627779977E-10
     105      98  -2.5672635343576722E-17
     105      99   4.1967729292773625E-16
     105     100   3.3806219151261737E-15
     105     101  -9.3996055511909730E-15
     105     102   1.3907050064772899E-13
     105     103   2.4029384592660570E-13
     105     104   4.1799113627779977E-10
     105     105  -1.8490775972880056E-04
     106     106  -1.8490764661591627E-04
     106     107   4.2732499166922920E-10
     106     108   5.5518907110451811E-14
     106     109   7.2061936865321346E-14
     106     110  -9.1025312256891613E-15
     106     111   1.3057403768104538E-15
     106     112   1.7550449668068344E-16
     106     113  -1.3064108724002297E-17
     107     106   4.2732499166922920E-10
     107     107  -1.8490763317150093E-04
     107     108   5.8412720257104336E-10
     107     109  -1.1069340635901913E-13
     107     110   1.3677528486694538E-13
     107     111   1.8313162010987351E-14
     107     112   3.2706304118454813E-15
     107     113  -4.4807035912784705E-16
     107     114  -3.1681639611128205E-17
     108     106   5.5518907110451811E-14
     108     107   5.8412720257104336E-10
     108     108  -1.8490762231940258E-04
     108     109  -6.8908890409330647E-10
     108     110  -1.7115656046600398E-13
     108     111  -2.0204876388662645E-13
     108     112   2.8250608548058177E-14
     108     113  -5.8725451725016440E-15
     108     114  -8.0330328425026981E-16
     108     115  -5.4968543743227715E-17
     109     106   7.2061936865321346E-14
     109     107  -1.1069340635901913E-13
     109     108  -6.8908890409330647E-10
     109     109  -1.8490761406954204E-04
     109     110   7.6337184917175480E-10
     109     111  -2.3409519592353781E-13
     109     112   2.6298147753838274E-13
     109     113   3.7582603584118098E-14
     109     114   8.6570532023526119E-15
     109     115   1.1604418807297484E-15
     109     116  -7.6086401043799502E-17
     110     106  -9.1025312256891613E-15
     110     107   1.3677528486694538E-13
     110     108  -1.7115656046600398E-13
     110     109   7.6337184917175480E-10
     110     110  -1.8490760842926855E-04
     110     111  -8.1501961220437126E-10
     110     112  -2.9664965179993563E-13
     110     113  -3.1546416741273040E-13
     110     114   4.4710660438666592E-14
     110     115   1.0998532811801292E-14
     110     116  -1.4174557783030877E-15
     110     117  -8.7262686446502093E-17
     111     106   1.3057403768104538E-15
     111     107   1.8313162010987351E-14
     111     108  -2.0204876388662645E-13
     111     109  -2.3409519592353781E-13
     111     110  -8.1501961220437126E-10
     111     111  -1.8490760540554462E-04
     111     112   8.4789998064496012E-10
     111     113  -3.5553770070799158E-13
     111     114   3.5611303236488555E-13
     111     115  -4.8117269449069881E-14
     111     116   1.2274984887369216E-14
     111     117   1.4852965721593090E-15
     111     118  -8.3078237221806139E-17
     112     106   1.7550449668068344E-16
     112     107   3.2706304118454813E-15
     112     108   2.8250608548058177E-14
     112     109   2.6298147753838274E-13
     112     110  -2.9664965179993563E-13
     112     111   8.4789998064496012E-10
     112     112  -1.8490760500622800E-04
     112     113  -8.6397485724736575E-10
     112     114  -4.0712691872200444E-13
